procs -----------memory---------- ---swap-- -----io---- -system-- ------cpu----- -----timestamp-----
 r  b   swpd   free   buff  cache   si   so    bi    bo   in   cs us sy id wa st                CEST
 4  0 4520044 3129772 550188 23488336    0    1    12    57    4    5  7  2 91  0  0 2026-10-03 23:45:16
 2  0 4520044 3120572 550188 23490320    0    0     0    48 15340 46655 11  2 87  0  0 2026-10-03 23:45:17
 3  0 4520044 3128056 550188 23492136    0    0     0   200 14949 43486  9  3 88  0  0 2026-10-03 23:45:18
 2  0 4520044 3129548 550200 23493936   52    0    52   604 15270 46571 12  4 85  0  0 2026-10-03 23:45:19
 1  0 4520044 3121628 550200 23495728  372    0   372   224 15642 51976  9  3 88  0  0 2026-10-03 23:45:20
 6  0 4519788 3120592 550208 23497528   84    0    84   652 11929 41591  7  2 91  0  0 2026-10-03 23:45:21
 3  0 4519788 3119616 550224 23499372   48    0    48  7952 13165 44611  9  2 89  0  0 2026-10-03 23:45:22
 5  0 4519788 3124448 550224 23501216   20    0    20   200 16791 53457 13  3 84  0  0 2026-10-03 23:45:23
 6  0 4519788 3126444 550224 23503004   20    0    20   216 15418 49882 10  3 87  0  0 2026-10-03 23:45:24
 4  0 4519788 3119380 550224 23504956   36    0    36   324 13484 45785  7  3 90  0  0 2026-10-03 23:45:25
 2  0 4519788 3112576 550232 23506848    4    0     4   380 12089 42153  6  2 92  0  0 2026-10-03 23:45:26
 2  0 4519788 3114268 550236 23508728    0    0     0   368 11585 40121  6  3 91  0  0 2026-10-03 23:45:31
 4  0 4519788 3104784 550236 23510604   16    0    16   260 12479 42495  8  2 90  0  0 2026-10-03 23:45:32
 3  0 4519788 3103144 550236 23512452   24    0    24   296 14510 48058 11  2 87  0  0 2026-10-03 23:45:33
 1  0 4519788 3112964 550236 23514472   24    0    24   364 14476 47752 10  3 88  0  0 2026-10-03 23:45:34
 2  0 4519788 3115108 550236 23516288    4    0     4   284 10993 39060  7  2 91  0  0 2026-10-03 23:45:35
 3  0 4519788 3103116 550252 23519492    8    0     8   396 12889 43616  7  3 90  0  0 2026-10-03 23:45:36
 4  0 4519788 3085732 550260 23521192   16    0    16   376 14135 48397  9  3 88  0  0 2026-10-03 23:45:37
 4  0 4519788 3087036 550260 23522736    8    0     8   288 13955 46307  9  3 89  0  0 2026-10-03 23:45:38
 1  0 4519788 3098808 550260 23524792   20    0    20   360 14732 50242  8  3 89  0  0 2026-10-03 23:45:39
 2  0 4519788 3086112 550260 23526952    0    0     0   312 13672 45445  8  3 89  0  0 2026-10-03 23:45:40
procs -----------memory---------- ---swap-- -----io---- -system-- ------cpu----- -----timestamp-----
 r  b   swpd   free   buff  cache   si   so    bi    bo   in   cs us sy id wa st                CEST
 4  0 4519788 3083844 550272 23528592    0    0     0 72164 10852 37870  8  1 91  0  0 2026-10-03 23:45:41
12  0 4519788 7159100 550280 23530604   24    0    24   528 12747 42916  9  4 88  0  0 2026-10-03 23:45:42
10  0 4519788 7165712 550280 23532272    4    0     4   224 17481 56954 12  4 84  0  0 2026-10-03 23:45:43
 2  0 4519788 7164972 550280 23534400   40    0    40   420 14411 47224  8  3 90  0  0 2026-10-03 23:45:44
 1  0 4519788 7168288 550280 23536060    0    0     0   412 11920 40823  6  2 91  0  0 2026-10-03 23:45:45
 2  0 4519788 7162020 550288 23538256    8    0     8   404 12844 43976  6  3 91  0  0 2026-10-03 23:45:46
 2  0 4519788 7154548 550300 23539764    8    0     8   484 11732 41427  8  2 90  0  0 2026-10-03 23:45:47
 4  1 4519788 7094960 550300 23541920    0    0     0   448 14763 49466  9  3 88  0  0 2026-10-03 23:45:48
 2  0 4519788 7157648 550300 23544084   24    0    24   476 17257 55214  9  3 89  0  0 2026-10-03 23:45:49
 1  0 4519788 7151388 550300 23546244   12    0    12   384 11999 41243  6  2 92  0  0 2026-10-03 23:45:50
 2  1 4519788 7150288 550308 23547876    4    0     4   500 10581 37216  6  1 93  0  0 2026-10-03 23:45:51
 6  0 4519788 7145156 550316 23550316   16    0    16   568 12226 42671  7  2 91  0  0 2026-10-03 23:45:52
 1  0 4519788 7156332 550316 23551836   16    0    16   404 12639 43709  8  3 90  0  0 2026-10-03 23:45:53
 3  0 4519532 7147824 550316 23553952   36    0    36   468 15099 48985  8  3 90  0  0 2026-10-03 23:45:54
