procs -----------memory---------- ---swap-- -----io---- -system-- ------cpu----- -----timestamp-----
 r  b   swpd   free   buff  cache   si   so    bi    bo   in   cs us sy id wa st                CEST
 4  0 3188136 3855908 471680 26526528    0    1    12    53    4    3  6  2 92  0  0 2026-10-03 21:04:40
 3  0 3188136 3868324 471704 26528504    0    0     4   424 19184 56239 19  5 76  0  0 2026-10-03 21:04:41
 6  0 3188136 3862132 471704 26530244    0    0     0   124 15530 50803 12  4 84  0  0 2026-10-03 21:04:42
 4  0 3188136 4056160 471704 26531832    0    0     0   352 18042 54253 13  4 83  0  0 2026-10-03 21:04:43
 2  0 3188136 4062252 471704 26533928    0    0     0   260 14627 49848  7  2 90  0  0 2026-10-03 21:04:44
 6  0 3188136 4016164 471712 26536452   44    0    44   300 16695 53811  9  3 88  0  0 2026-10-03 21:04:45
11  0 3188136 4047148 471764 26538104    0    0     0 42800 32224 98808 17  5 78  0  0 2026-10-03 21:04:46
 1  0 3188136 4034372 471764 26540020    0    0     0    16 21467 65673 15  4 81  0  0 2026-10-03 21:04:47
 9  0 3188136 4028428 471764 26542220    0    0     0    20 20149 65076 10  4 86  0  0 2026-10-03 21:04:48
 2  0 3188136 4027284 471764 26544032    0    0     0   444 15355 51048  9  3 88  0  0 2026-10-03 21:04:49
 5  0 3188136 4002912 471772 26545928    0    0     0    64 19067 58171 13  3 83  0  0 2026-10-03 21:04:50
 4  0 3188136 4009316 471792 26547468    0    0    20   432 21912 65966 15  3 81  0  0 2026-10-03 21:04:51
 4  0 3188136 4021112 471792 26549564    0    0     0    16 17484 55459 13  3 84  0  0 2026-10-03 21:04:52
 4  0 3188136 3879676 471796 26700544    0    0     0 13380 19409 60635 12  4 84  0  0 2026-10-03 21:04:53
 7  0 3188136 3860268 471816 26721452    4    0     4 168416 17755 58005 11  4 85  0  0 2026-10-03 21:04:54
 3  0 3188136 3852096 471816 26723276    0    0     0    24 15583 49578 13  2 85  0  0 2026-10-03 21:04:55
 6  0 3188136 3857336 471824 26725204    4    0     4   100 15297 50722  9  2 89  0  0 2026-10-03 21:04:58
 3  0 3188136 3859428 471824 26726612    0    0     0   228 19024 58361 15  3 82  0  0 2026-10-03 21:04:59
 4  0 3188136 3850932 471824 26728692    0    0     0    16 17283 55654 14  3 83  0  0 2026-10-03 21:05:00
 6  0 3188136 3847956 471824 26730464    0    0     0   168 17310 55363 12  3 84  0  0 2026-10-03 21:05:01
 4  0 3188136 3852924 471824 26732244    0    0     0    16 18287 57420 12  3 85  0  0 2026-10-03 21:05:02
procs -----------memory---------- ---swap-- -----io---- -system-- ------cpu----- -----timestamp-----
 r  b   swpd   free   buff  cache   si   so    bi    bo   in   cs us sy id wa st                CEST
 5  0 3188136 3842048 471836 26734540   28    0    36   312 16894 56097 11  3 87  0  0 2026-10-03 21:05:03
 7  0 3188136 3848908 471836 26736344    0    0     0    16 19807 60320 15  3 81  0  0 2026-10-03 21:05:04
 9  0 3188136 3834824 471836 26738132    0    0     0    16 17854 58192 10  3 87  0  0 2026-10-03 21:05:05
 7  0 3188136 3850832 471856 26740032    0    0     0   196 17807 56634 11  3 86  0  0 2026-10-03 21:05:06
 7  0 3188136 3854836 471856 26741800    0    0     0    16 14260 47546 11  2 87  0  0 2026-10-03 21:05:07
 7  0 3188136 3882000 471856 26743616    0    0     0   116 16578 54796 10  3 87  0  0 2026-10-03 21:05:08
 3  0 3188136 3875880 471856 26745420    0    0     0    24 20155 60040 16  4 81  0  0 2026-10-03 21:05:09
 3  0 3188136 3860964 471864 26747108    0    0     0    28 17947 58690  9  3 87  0  0 2026-10-03 21:05:10
18  0 3188136 3848796 471872 26748480    0    0     0   376 20019 62345 15  3 82  0  0 2026-10-03 21:05:11
 4  0 3188136 3851224 471872 26759276   12    0    12    16 16394 53653 12  3 86  0  0 2026-10-03 21:05:12
 7  0 3188136 3861572 471880 26753040    0    0    20   236 19792 61595 12  3 84  0  0 2026-10-03 21:05:13
 2  0 3188136 3868968 471880 26755276    0    0     0    16 18304 58136 12  3 85  0  0 2026-10-03 21:05:14
 6  0 3188136 3862080 471880 26757024    0    0     0    16 16631 54860  9  2 88  0  0 2026-10-03 21:05:15
 1  0 3188136 3861116 471880 26758796    4    0     4    20 16949 55595 10  3 87  0  0 2026-10-03 21:05:16
 4  0 3188136 3860176 471880 26760620    0    0     0   104 13310 46007  7  2 91  0  0 2026-10-03 21:05:17
 2  0 3188136 3855016 471892 26762484    0    0     0   176 20399 62231 15  3 82  0  0 2026-10-03 21:05:18
 1  0 3188136 3853196 471892 26764156    0    0     0 18436 17075 55019  9  4 88  0  0 2026-10-03 21:05:19
 6  0 3188136 3845240 471892 26766068    0    0     0    16 16917 53558 11  3 86  0  0 2026-10-03 21:05:20
 3  0 3188136 3848732 471892 26767904    0    0     0    20 17912 57722 12  4 84  0  0 2026-10-03 21:05:21
 3  0 3188136 3845092 471892 26769744    0    0     0   128 18772 61131 14  4 82  0  0 2026-10-03 21:05:22
 4  0 3188136 3843744 471900 26771496    0    0     0   180 20098 61066 16  4 80  0  0 2026-10-03 21:05:23
procs -----------memory---------- ---swap-- -----io---- -system-- ------cpu----- -----timestamp-----
 r  b   swpd   free   buff  cache   si   so    bi    bo   in   cs us sy id wa st                CEST
 2  0 3188136 3846828 471908 26773516    0    0     8   104 18129 59948  9  3 88  0  0 2026-10-03 21:05:24
 1  0 3188136 3844720 471932 26775340    0    0     0   312 21325 65183 15  4 81  0  0 2026-10-03 21:05:25
 5  0 3188136 3841436 471940 26777088    0    0     0    88 14468 51239  8  2 90  0  0 2026-10-03 21:05:26
 2  0 3188136 3842944 471940 26779048    0    0     0   100 19107 59719 15  4 82  0  0 2026-10-03 21:05:27
 4  0 3188136 3839360 471940 26780952    0    0     0   184 18569 57266 13  4 84  0  0 2026-10-03 21:05:31
 9  0 3188136 3820124 471940 26783036    0    0     0    16 15614 51145  9  4 87  0  0 2026-10-03 21:05:32
 3  0 3188136 3830032 471952 26784472    0    0     0   412 18525 57311 12  3 84  0  0 2026-10-03 21:05:33
 4  0 3188136 3840528 471952 26786368    0    0     0    20 15340 50327  9  3 88  0  0 2026-10-03 21:05:34
