procs -----------memory---------- ---swap-- -----io---- -system-- ------cpu----- -----timestamp-----
 r  b   swpd   free   buff  cache   si   so    bi    bo   in   cs us sy id wa st                CEST
 4  0 2241856 4929052 749036 21268748    0    0    12    48    1    2  6  2 92  0  0 2026-10-03 19:13:46
 5  0 2241856 4903592 749036 21270400    0    0     0    16 16878 52853 15  3 82  0  0 2026-10-03 19:13:47
12  0 2241856 4908048 749036 21272644    0    0     0   364 18139 53892 22  4 74  0  0 2026-10-03 19:13:48
 7  0 2241856 4908552 749036 21274452    8    0     8   304 20600 52323 25  4 71  0  0 2026-10-03 19:13:52
 8  0 2241856 4902312 749036 21276152    0    0     0   224 19735 56061 24  3 73  0  0 2026-10-03 19:13:53
 7  0 2241856 4899556 749048 21278068    0    0     0   400 17667 53586 16  4 80  0  0 2026-10-03 19:13:54
 4  0 2241856 4884580 749048 21279880    0    0     0   664 14591 49677 10  2 88  0  0 2026-10-03 19:13:55
 2  0 2241856 4889516 749048 21281580   40    0    40   280 15935 50311 16  5 79  0  0 2026-10-03 19:13:56
 9  0 2241600 4917768 749056 21283320   16    0    16   452 16491 53569 14  3 83  0  0 2026-10-03 19:13:57
 4  1 2241600 4933804 749056 21286436    0    0     0   304 13729 44949 10  3 87  0  0 2026-10-03 19:13:58
 3  0 2241600 4926036 749064 21288368    0    0     0   452 16728 54394  7  4 89  0  0 2026-10-03 19:13:59
 5  0 2241600 4925412 749064 21289976    0    0     0   264 12350 42725  7  3 90  0  0 2026-10-03 19:14:00
 1  2 2241600 4927884 749064 21291600    0    0     0   104 14502 48220  9  3 84  4  0 2026-10-03 19:14:01
 3  0 2241600 4901904 749064 21293700    0    0     0    12 12738 42802  6  2 87  5  0 2026-10-03 19:14:02
 1  0 2241600 4913940 749072 21295500    0    0     0   324 12535 41653  8  2 89  1  0 2026-10-03 19:14:03
 3  0 2241600 4910728 749076 21297308    0    0     0   532 15094 48283  8  3 89  0  0 2026-10-03 19:14:04
 3  0 2241600 4907084 749076 21299144   28    0    28   236 12268 41327  7  2 90  0  0 2026-10-03 19:14:05
 4  0 2241600 4904908 749076 21300936    0    0     0   256 12248 41984  8  2 89  1  0 2026-10-03 19:14:06
 2  0 2241600 4901940 749076 21302780    0    0     0   512 12252 40899  7  3 91  0  0 2026-10-03 19:14:07
 1  0 2241600 4899984 749084 21304516    0    0     0 56760 14164 46857  8  3 89  0  0 2026-10-03 19:14:08
 2  0 2241600 4893744 749092 21306320    0    0     0   572 15397 50402  6  3 91  0  0 2026-10-03 19:14:09
procs -----------memory---------- ---swap-- -----io---- -system-- ------cpu----- -----timestamp-----
 r  b   swpd   free   buff  cache   si   so    bi    bo   in   cs us sy id wa st                CEST
 4  0 2241600 4895140 749100 21308244    0    0     0   440 13003 43548  7  2 91  0  0 2026-10-03 19:14:10
 4  0 2241600 4864280 749112 21323772    4    0     4  6380 18217 58187 12  3 84  1  0 2026-10-03 19:14:11
 5  0 2241600 4707784 749140 21491676  144    0   144 180524 13787 45676 10  4 85  1  0 2026-10-03 19:14:12
 1  0 2241344 5115700 749188 21050932   32    0    32 180684 17610 57287 12  5 82  0  0 2026-10-03 19:14:13
 2  0 2241344 5210228 749196 20947224    0    0     0   600 15354 50852  8  3 89  0  0 2026-10-03 19:14:14
 2  0 2241344 5233044 749232 20949048    0    0     0   892 13860 45202  9  3 88  0  0 2026-10-03 19:14:15
10  0 2241344 5209984 749232 20951104    0    0     0   344 14854 49489 10  3 87  0  0 2026-10-03 19:14:16
 4  0 2241344 5218948 749232 20953048    0    0     0   456 16175 52021 14  2 84  0  0 2026-10-03 19:14:17
 3  0 2241344 5212524 749264 20955116    0    0     0   436 16419 50870 15  3 82  0  0 2026-10-03 19:14:18
 3  1 2241344 5220292 749264 20957056    0    0     0   484 18286 58247 15  3 82  0  0 2026-10-03 19:14:19
 2  0 2241344 5217812 749284 20959076    0    0     0   868 15261 50652 11  3 86  0  0 2026-10-03 19:14:20
 4  0 2241344 5207980 749284 20960984    0    0     0   612 17573 57644  9  3 88  0  0 2026-10-03 19:14:21
 4  0 2241344 5208096 749284 20962928    0    0     0   696 13890 44844  8  3 89  0  0 2026-10-03 19:14:24
 8  0 2241344 5247804 749292 20964924    0    0     0   632 13666 46507  9  2 89  0  0 2026-10-03 19:14:25
 3  0 2241344 5240596 749292 20966884    0    0     0   604 15972 52430  8  3 89  0  0 2026-10-03 19:14:26
 1  0 2241344 5238832 749300 20968932    0    0     0   604 11780 40439  6  1 93  0  0 2026-10-03 19:14:27
 3  0 2241344 5238136 749300 20970848    0    0     0   452 13105 43990  6  2 92  0  0 2026-10-03 19:14:28
