procs -----------memory---------- ---swap-- -----io---- -system-- ------cpu----- -----timestamp-----
 r  b   swpd   free   buff  cache   si   so    bi    bo   in   cs us sy id wa st                CEST
 7  0 3151896 1982572 458348 27608344    0    1    12    53    2    2  6  2 92  0  0 2026-10-03 20:50:04
 2  0 3151896 1965944 458348 27610184    0    0     0    24 17268 52687 15  4 81  0  0 2026-10-03 20:50:05
 3  0 3151896 1967596 458348 27612108    0    0     0   176 17114 51267 13  3 83  0  0 2026-10-03 20:50:06
 6  0 3151896 1961588 458356 27613980    0    0     0   564 18488 58396 17  4 79  0  0 2026-10-03 20:50:07
14  0 3151896 1958556 458364 27615792    0    0     0   160 14969 49551 12  2 86  0  0 2026-10-03 20:50:08
 3  0 3151896 1960852 458376 27617772    0    0     0   308 16385 53868 12  3 85  0  0 2026-10-03 20:50:09
10  0 3151896 1961776 458376 27619616    0    0     0    20 18331 56347 14  3 83  0  0 2026-10-03 20:50:10
 5  0 3151896 1947592 458376 27621532    0    0     0    16 20886 61983 19  5 77  0  0 2026-10-03 20:50:11
 4  0 3151896 1952596 458408 27623468    0    0     0   668 17968 57108 13  4 83  0  0 2026-10-03 20:50:12
11  0 3151896 1968412 458408 27624808    0    0     0   460 16819 55500 14  3 83  0  0 2026-10-03 20:50:13
 4  0 3151896 2138284 458416 27628220   56    0    56   180 18189 58437 16  3 81  0  0 2026-10-03 20:50:14
 4  0 3151896 2136452 458416 27630096   12    0    12   196 13633 44907 17  3 80  0  0 2026-10-03 20:50:18
12  0 3151896 2134124 458416 27631756    0    0     0   244 17446 56024 17  3 80  0  0 2026-10-03 20:50:19
19  0 3151896 2107176 458456 27632520    0    0     0 41728 26407 80407 25  9 66  0  0 2026-10-03 20:50:20
 7  0 3151896 2114916 458456 27634624    0    0     0    80 19503 61429 20  3 76  0  0 2026-10-03 20:50:21
10  0 3151896 2096972 458464 27636484    0    0     0    76 15170 50679 18  3 79  0  0 2026-10-03 20:50:22
 3  0 3151896 2096188 458464 27638524    0    0     0    16 14641 49226 17  3 80  0  0 2026-10-03 20:50:23
 8  0 3151896 2108228 458464 27639868    0    0     0    20 15372 51519 14  3 84  0  0 2026-10-03 20:50:24
 4  0 3151896 2095992 458468 27640952    0    0     0   356 13503 46517 13  3 84  0  0 2026-10-03 20:50:25
 6  0 3151896 2107080 458476 27643020    0    0     0   228 14652 48820 15  3 82  0  0 2026-10-03 20:50:26
 2  0 3151896 2101620 458476 27644220    0    0     0    16 19916 62652 16  5 80  0  0 2026-10-03 20:50:27
procs -----------memory---------- ---swap-- -----io---- -system-- ------cpu----- -----timestamp-----
 r  b   swpd   free   buff  cache   si   so    bi    bo   in   cs us sy id wa st                CEST
 5  0 3151896 2113592 458476 27646112    0    0     0    16 12423 45113  7  2 91  0  0 2026-10-03 20:50:28
 3  0 3151896 2101504 458484 27647832    0    0     0   152 19900 61211 14  4 82  0  0 2026-10-03 20:50:29
 3  0 3151896 2093028 458484 27649824    0    0     0    16 19000 59715 14  3 83  0  0 2026-10-03 20:50:30
 7  0 3151896 2096172 458492 27651820    0    0     0   160 15170 49972 12  3 86  0  0 2026-10-03 20:50:31
 5  0 3151896 2096740 458492 27653480    0    0     0    52 18679 59019 14  5 81  0  0 2026-10-03 20:50:32
 4  0 3151896 2098616 458492 27655348    0    0     0   136 13658 47496  9  2 89  0  0 2026-10-03 20:50:33
 5  0 3151896 2076980 458492 27656864   16    0    16    28 21578 64371 17  5 78  0  0 2026-10-03 20:50:34
 2  0 3151896 2081596 458492 27658720    0    0     0 28028 15616 51566 12  3 85  0  0 2026-10-03 20:50:35
 3  0 3151896 2083464 458516 27660436    0    0     0   420 16397 53556 11  3 86  0  0 2026-10-03 20:50:36
 3  0 3151896 2070008 458516 27662084    0    0     0    56 15758 53551  9  3 87  0  0 2026-10-03 20:50:37
 3  0 3151896 2081576 458516 27663884    0    0     0   120 15968 52988 10  4 86  0  0 2026-10-03 20:50:38
 9  0 3151896 2085348 458516 27665660    0    0     0    20 20692 64031 16  4 80  0  0 2026-10-03 20:50:39
12  0 3151896 2074548 458516 27667132   12    0    12    16 15023 50189 10  2 87  0  0 2026-10-03 20:50:40
 4  0 3151896 2088608 458520 27668868    0    0     0   132 15909 53083 10  3 87  0  0 2026-10-03 20:50:41
 2  0 3151896 2087568 458528 27670640    0    0     0    36 17256 56591 13  3 84  0  0 2026-10-03 20:50:42
 3  0 3151896 2082260 458528 27672440    0    0     0   112 14164 49097  8  2 90  0  0 2026-10-03 20:50:43
10  0 3151896 2064588 458528 27673928    0    0     0    20 19730 61296 15  4 82  0  0 2026-10-03 20:50:44
 2  0 3151896 2060240 458528 27675388    0    0     0    16 15579 52394 10  2 88  0  0 2026-10-03 20:50:45
 2  0 3151896 2077912 458536 27677420    0    0     0   172 17525 55856 14  3 83  0  0 2026-10-03 20:50:46
 4  0 3151896 2047552 458544 27679476    0    0     0    72 17550 58802 10  3 87  0  0 2026-10-03 20:50:48
 9  0 3151896 2074332 458544 27682512    8    0     8   136 16701 56236 11  3 86  0  0 2026-10-03 20:50:50
procs -----------memory---------- ---swap-- -----io---- -system-- ------cpu----- -----timestamp-----
 r  b   swpd   free   buff  cache   si   so    bi    bo   in   cs us sy id wa st                CEST
 9  0 3151896 2053696 458544 27686448    0    0     0    20 18755 58051 15  3 82  0  0 2026-10-03 20:50:51
 7  0 3151896 2074824 458544 27687992    0    0     0  5392 14076 48542  8  3 89  0  0 2026-10-03 20:50:52
 9  0 3151896 2077004 458544 27689956    0    0     0   248 19455 61123 15  4 82  0  0 2026-10-03 20:50:53
 2  0 3151896 2063136 458544 27691412    0    0     0   220 14489 49230  8  3 89  0  0 2026-10-03 20:50:54
 2  0 3151896 2059108 458552 27693472    0    0     0   184 18051 57484 13  3 84  0  0 2026-10-03 20:50:55
 7  0 3151896 2067900 458552 27694916    8    0     8    16 19643 61111 17  5 79  0  0 2026-10-03 20:50:56
 7  0 3151896 2070444 458552 27697380    0    0     0    20 14467 48621  9  2 89  0  0 2026-10-03 20:50:57
 2  0 3151896 2075544 458568 27699196    0    0     0   164 17464 57678 12  3 85  0  0 2026-10-03 20:50:58
10  0 3151896 2057180 458588 27701332    0    0     0   332 14834 52129  9  3 89  0  0 2026-10-03 20:50:59
 1  0 3151896 2070736 458596 27703016    0    0     0   124 20390 63112 15  4 80  0  0 2026-10-03 20:51:00
 2  0 3151896 2055568 458596 27704524    0    0     0    16 16508 53332 12  3 85  0  0 2026-10-03 20:51:01
 6  0 3151896 2060712 458596 27706764    0    0     0    20 16190 52728 10  2 88  0  0 2026-10-03 20:51:02
 1  0 3151896 2071076 458596 27708660    0    0     0    16 17914 59111 11  2 87  0  0 2026-10-03 20:51:03
 7  0 3151896 2066300 458608 27710504    0    0     0   456 15753 53495 10  2 87  0  0 2026-10-03 20:51:04
 5  0 3151896 2061080 458608 27712168    0    0     0    16 20938 63446 17  3 80  0  0 2026-10-03 20:51:05
 3  0 3151896 2051720 458608 27713864   16    0    16    16 15373 51918  8  3 89  0  0 2026-10-03 20:51:06
 6  0 3151896 2045424 458608 27715884    0    0     0    20 17104 55250 12  2 85  0  0 2026-10-03 20:51:07
 8  0 3151896 2047012 458624 27717604    0    0     0 52100 16114 53275  8  3 90  0  0 2026-10-03 20:51:08
 1  0 3151896 2050288 458624 27719452    0    0     0   120 18615 58362 13  3 84  0  0 2026-10-03 20:51:09
 4  0 3151896 2048400 458624 27721432    0    0     0    72 16132 53142 11  3 86  0  0 2026-10-03 20:51:10
 6  0 3151896 2018572 458624 27722948    0    0     0    16 19714 61010 13  4 83  0  0 2026-10-03 20:51:11
procs -----------memory---------- ---swap-- -----io---- -system-- ------cpu----- -----timestamp-----
 r  b   swpd   free   buff  cache   si   so    bi    bo   in   cs us sy id wa st                CEST
 2  0 3151896 2022520 458624 27725104    0    0     0    20 23724 75192 12  4 83  0  0 2026-10-03 20:51:12
 3  0 3151896 2026204 458632 27726940    0    0     0   188 16990 55066 10  3 87  0  0 2026-10-03 20:51:13
 9  0 3151896 2021732 458640 27728696    0    0     0    64 17632 54640 14  4 82  0  0 2026-10-03 20:51:14
 2  0 3151896 1994564 458640 27730420    0    0     0    16 16480 55173 12  4 85  0  0 2026-10-03 20:51:15
 8  0 3151896 1999956 458640 27732216    0    0     0    16 17764 56065 14  3 83  0  0 2026-10-03 20:51:16
 3  0 3151896 2014960 458780 27734212    0    0   308 18192 34370 104022 17  6 77  0  0 2026-10-03 20:51:17
10  0 3151896 1975280 458956 27735684    0    0     0  5752 48935 143802 26  9 65  0  0 2026-10-03 20:51:18
 7  0 3151896 1896932 459160 27738792    0    0   304  1368 19619 58960 16  5 79  0  0 2026-10-03 20:51:22
 5  0 3151896 1841492 459160 27751200    0    0     0    20 23126 67868 16  5 78  0  0 2026-10-03 20:51:23
 8  0 3151896 1816452 459160 27761652    0    0     0    20 17004 55732 12  3 85  0  0 2026-10-03 20:51:24
 8  0 3151896 1997488 459204 27744712    0    0     0  9776 18690 59452 12  3 84  0  0 2026-10-03 20:51:25
 9  0 3151896 1999200 459204 27746344    0    0     0   104 32293 99766 15  6 79  0  0 2026-10-03 20:51:26
 1  0 3151896 1997076 459204 27747972    0    0     0    48 17436 54830 13  3 84  0  0 2026-10-03 20:51:27
 1  0 3151896 1994620 459212 27749884    0    0     0    56 13622 46626  9  2 89  0  0 2026-10-03 20:51:28
 8  0 3151896 1984392 459212 27751396    0    0     0    16 18196 58272 12  3 85  0  0 2026-10-03 20:51:29
 3  0 3151896 1998648 459224 27753560    0    0     0   356 18479 59043 11  3 86  0  0 2026-10-03 20:51:30
 4  0 3151896 1992248 459224 27755476    0    0     0   380 15697 51364 11  3 86  0  0 2026-10-03 20:51:31
 2  0 3151896 1991400 459228 27756984    0    0     0   124 19072 58727 15  4 82  0  0 2026-10-03 20:51:32
 5  0 3151896 1994464 459228 27758592    0    0     0    20 17645 58195  9  3 88  0  0 2026-10-03 20:51:33
 2  0 3151896 1992204 459228 27760880    0    0     0    16 15529 50863 11  2 86  0  0 2026-10-03 20:51:34
 9  0 3151896 1984816 459228 27762680    0    0     0    20 13669 47829  8  2 90  0  0 2026-10-03 20:51:35
procs -----------memory---------- ---swap-- -----io---- -system-- ------cpu----- -----timestamp-----
 r  b   swpd   free   buff  cache   si   so    bi    bo   in   cs us sy id wa st                CEST
 8  0 3151896 1990836 459228 27764076    0    0     0    76 21623 65907 16  4 79  0  0 2026-10-03 20:51:36
 2  0 3151896 1983044 459244 27766200    0    0     0   200 15552 51249 12  3 85  0  0 2026-10-03 20:51:37
 3  0 3151896 1987088 459244 27768024    0    0     0    20 15872 52045 10  3 87  0  0 2026-10-03 20:51:38
 3  0 3151640 1971056 459244 27769508   16    0    16    16 19267 61276 14  4 82  0  0 2026-10-03 20:51:39
10  0 3151640 1975012 459244 27771384    0    0     0   124 17136 54675 11  4 85  0  0 2026-10-03 20:51:40
 2  0 3151640 1973548 459244 27773176    0    0     0 28524 16102 49692 15  3 82  0  0 2026-10-03 20:51:41
 4  0 3151640 1968904 459260 27774768    0    0     0   332 17344 55239 14  7 79  0  0 2026-10-03 20:51:42
 8  0 3151640 1982820 459268 27776596    0    0     0    64 16229 52309 11  5 84  0  0 2026-10-03 20:51:43
 2  0 3151640 1963928 459300 27778336    0    0     0   332 16799 54163 15  5 80  0  0 2026-10-03 20:51:44
 6  0 3151640 1968500 459300 27780104    0    0     0    80 17797 58436 13  3 84  0  0 2026-10-03 20:51:45
17  0 3151640 1961120 459300 27781812   12    0    12    56 20302 63674 16  4 80  0  0 2026-10-03 20:51:46
 7  0 3151640 1958696 459300 27783728    0    0     0    16 14576 47938 12  2 85  0  0 2026-10-03 20:51:47
 6  0 3151640 1971756 459300 27785996    0    0     0    92 18955 60699 12  4 84  0  0 2026-10-03 20:51:48
 1  0 3151640 1972852 459308 27787912    0    0     0   396 14578 49834  9  3 88  0  0 2026-10-03 20:51:49
 4  0 3151640 1976860 459308 27789732    0    0     0    60 16594 55558 11  3 86  0  0 2026-10-03 20:51:50
 2  0 3151640 1969716 459316 27791528    0    0     0    60 18141 57714 14  3 83  0  0 2026-10-03 20:51:51
 4  0 3151640 1968656 459320 27793344    0    0     0   148 14872 51275 10  2 88  0  0 2026-10-03 20:51:54
 4  0 3151640 1957540 459320 27795148    0    0     0    16 18640 59158 14  4 82  0  0 2026-10-03 20:51:55
 6  0 3151640 1946192 459320 27797076    0    0     0    48 15225 52669  7  2 91  0  0 2026-10-03 20:51:56
 9  0 3151640 1951144 459320 27799304   44    0    44    88 19712 62063 14  3 82  0  0 2026-10-03 20:51:57
 3  0 3151640 1963180 459320 27800972    0    0     0  6216 16122 54356 11  3 86  0  0 2026-10-03 20:51:58
procs -----------memory---------- ---swap-- -----io---- -system-- ------cpu----- -----timestamp-----
 r  b   swpd   free   buff  cache   si   so    bi    bo   in   cs us sy id wa st                CEST
 8  0 3151640 1965336 459332 27802968    0    0     0   316 15386 51858 11  3 86  0  0 2026-10-03 20:51:59
 3  0 3151640 1965452 459332 27804748    0    0     0    24 15991 52686 11  3 86  0  0 2026-10-03 20:52:00
 5  0 3151640 1957728 459332 27806596    0    0     0    92 13493 47031  8  2 90  0  0 2026-10-03 20:52:01
 5  0 3151640 1950548 459332 27808344    0    0     0    64 22190 67356 16  3 80  0  0 2026-10-03 20:52:02
 1  0 3151640 1948904 459332 27810216    0    0     0    28 15105 50283  9  2 89  0  0 2026-10-03 20:52:03
 1  0 3151640 1951028 459348 27812008    0    0     0   232 16891 54202 13  2 85  0  0 2026-10-03 20:52:04
 5  0 3151640 1938620 459348 27813776    4    0     4   220 14506 50053  7  3 90  0  0 2026-10-03 20:52:05
 8  0 3151640 1949828 459372 27815288    0    0     0 37508 20123 63308 14  3 83  0  0 2026-10-03 20:52:06
 1  1 3151640 1791532 459392 27970572  128    0   128 153560 16343 52428 12  4 83  0  0 2026-10-03 20:52:07
10  0 3151384 2219148 459440 27541896  332    0   336 153692 16177 53794 11  4 85  0  0 2026-10-03 20:52:08
 2  0 3151384 2232332 459440 27543812    0    0     0    16 19073 60714 13  3 84  0  0 2026-10-03 20:52:09
 3  0 3151384 2225304 459440 27545668    0    0     0   104 14818 50851  8  2 90  0  0 2026-10-03 20:52:10
 5  0 3151384 2213172 459440 27547260    0    0     0    20 18059 57752 13  3 85  0  0 2026-10-03 20:52:11
 2  0 3151384 2202308 459440 27549352    0    0     0    16 17998 58624  9  4 87  0  0 2026-10-03 20:52:12
 3  0 3151384 2214152 459452 27551240    0    0     0   200 17910 57260 13  3 85  0  0 2026-10-03 20:52:13
 3  0 3151384 2216712 459452 27552948    0    0     0    16 13064 45947  7  2 91  0  0 2026-10-03 20:52:14
 9  0 3151384 2204896 459484 27554692    0    0     0   464 19517 61894 13  4 83  0  0 2026-10-03 20:52:15
 2  1 3151384 2168732 460156 27568048    0    0 10036   632 20392 63636 16  3 81  0  0 2026-10-03 20:52:16
11  0 3151384 1867956 460564 27735936    0    0 167576    16 18066 57724 10  4 85  1  0 2026-10-03 20:52:17
10  0 3151384 1578208 460956 27864852    0    0 106016  2048 27414 80929 21  5 72  1  0 2026-10-03 20:52:18
 1  1 3151384 1564892 461068 27867884    0    0     0 47868 38850 122395 16  5 78  1  0 2026-10-03 20:52:19
procs -----------memory---------- ---swap-- -----io---- -system-- ------cpu----- -----timestamp-----
 r  b   swpd   free   buff  cache   si   so    bi    bo   in   cs us sy id wa st                CEST
11  0 3151384 1540908 461104 27869416    0    0     0  1104 18909 60629 15  3 82  0  0 2026-10-03 20:52:20
 2  0 3151384 1524624 461104 27871580    0    0     0   700 18935 60948 16  4 80  0  0 2026-10-03 20:52:21
 9  0 3151384 1499204 461104 27873656    0    0     0    16 16778 56476 12  3 85  0  0 2026-10-03 20:52:22
 9  0 3151384 1485132 461104 27875352    0    0  2948    40 17422 57063 16  3 81  0  0 2026-10-03 20:52:23
 6  1 3151384 1411320 461104 27893540    0    0   744    44 18247 60620 17  4 79  0  0 2026-10-03 20:52:27
 4  0 3151384 1303476 461112 27895596    0    0     0   340 21173 64600 19  6 75  0  0 2026-10-03 20:52:28
 3  0 3151384 1303292 461132 27897640   16    0    16  1040 19329 61257 17  4 79  0  0 2026-10-03 20:52:29
 6  0 3151384 1278828 461132 27900772    8    0     8   608 20013 62633 13  4 83  0  0 2026-10-03 20:52:30
11  0 3151384 1272792 461164 27903340    0    0     0   864 18573 59238 15  4 81  0  0 2026-10-03 20:52:31
 6  0 3151384 1258728 461164 27905288    0    0  4192   556 19791 61179 15  5 80  0  0 2026-10-03 20:52:32
 6  0 3151384 1249260 461164 27907788    0    0     0   560 20642 61745 19  4 77  0  0 2026-10-03 20:52:33
 5  1 3151384 1262600 461164 27909548    0    0     0   540 18889 58698 18  3 79  0  0 2026-10-03 20:52:34
11  0 3151384 1604764 461224 27883356    0    0  1372 28936 21402 67460 13  5 82  0  0 2026-10-03 20:52:35
 3  0 3151384 1596284 461224 27885536    0    0     0   380 20225 63785 15  3 81  0  0 2026-10-03 20:52:36
 3  0 3151384 1593984 461236 27887616    0    0     4   356 18741 59800 14  3 82  0  0 2026-10-03 20:52:37
 7  0 3151384 1565992 461248 27890196    0    0     4  1012 23716 68119 19  4 77  0  0 2026-10-03 20:52:38
 2  0 3151384 1551048 461248 27892660    0    0   136   708 24335 71986 14  4 82  0  0 2026-10-03 20:52:39
 5  0 3151384 1539256 461248 27894288    0    0     0   232 21176 64079 17  4 79  0  0 2026-10-03 20:52:40
 3  1 3151384 1538972 461248 27896616    0    0     0   632 17151 54339 11  3 85  0  0 2026-10-03 20:52:41
 7  0 3151384 1526800 461256 27898900    0    0     0   964 24940 72684 18  5 77  0  0 2026-10-03 20:52:42
14  0 3151384 1524828 461260 27900772    0    0     0   472 19640 61146 17  4 79  0  0 2026-10-03 20:52:43
procs -----------memory---------- ---swap-- -----io---- -system-- ------cpu----- -----timestamp-----
 r  b   swpd   free   buff  cache   si   so    bi    bo   in   cs us sy id wa st                CEST
 9  0 3151384 1661276 461268 27749824    0    0     0   408 19176 59360 15  4 81  0  0 2026-10-03 20:52:44
 4  1 3151384 1671032 461268 27751844    0    0     0   600 23612 68582 19  6 74  1  0 2026-10-03 20:52:45
 9  0 3151384 1665228 461268 27754292    0    0     0   424 18729 59192 13  3 83  1  0 2026-10-03 20:52:46
 8  0 3151384 1666792 461268 27756428    0    0     0   316 17437 54761 16  3 81  0  0 2026-10-03 20:52:47
 3  0 3151384 1665096 461276 27757888    0    0     0   416 24505 71444 20  4 76  0  0 2026-10-03 20:52:48
 7  1 3151384 1666384 461276 27759932    0    0     0   868 19046 59131 12  4 83  0  0 2026-10-03 20:52:49
 9  0 3151384 1653448 461276 27762444    0    0     0   256 17406 55043 17  4 79  1  0 2026-10-03 20:52:50
13  0 3151384 1650788 461284 27764412    0    0     0   232 14336 46364 26  3 71  0  0 2026-10-03 20:52:51
 9  0 3151384 1634752 461284 27766316    0    0     0   272 21397 65737 27  7 67  0  0 2026-10-03 20:52:52
 5  0 3151384 1644080 461292 27768768   16    0    16   908 17747 55849 15  4 81  0  0 2026-10-03 20:52:53
 7  0 3151384 1647516 461292 27771576    0    0     0  1984 21541 64966 18  4 78  0  0 2026-10-03 20:52:54
 5  0 3151384 1626724 461292 27773744    0    0     0   252 22436 66969 18  5 77  0  0 2026-10-03 20:52:55
 3  0 3151384 1639596 461292 27776124    0    0     0   104 14080 47883 13  3 84  0  0 2026-10-03 20:52:56
13  0 3151384 1618772 461300 27777828    0    0     0   776 21322 62536 19  6 75  0  0 2026-10-03 20:52:59
 7  0 3151384 1637092 461312 27780276    0    0     0   692 20752 64274 17  5 78  1  0 2026-10-03 20:53:00
 5  0 3151384 1620976 461312 27782140    0    0     0   464 21298 65187 15  4 80  0  0 2026-10-03 20:53:01
 9  0 3151384 1611508 461324 27786100   16    0    16   776 21722 65124 20  6 74  0  0 2026-10-03 20:53:02
 3  1 3151384 1614452 461324 27787704    0    0     0   496 18481 59534 14  3 83  0  0 2026-10-03 20:53:03
12  0 3151384 1615996 461324 27790932    0    0     0   832 21005 63902 14  5 81  0  0 2026-10-03 20:53:04
 1  0 3151384 1618292 461324 27792980    0    0     0   316 17322 56137 12  3 83  2  0 2026-10-03 20:53:05
 2  0 3151384 1623520 461332 27795536    0    0     0   896 16931 55039 11  4 84  0  0 2026-10-03 20:53:06
procs -----------memory---------- ---swap-- -----io---- -system-- ------cpu----- -----timestamp-----
 r  b   swpd   free   buff  cache   si   so    bi    bo   in   cs us sy id wa st                CEST
18  0 3151384 1596832 461488 27797280    0    0     4 62688 25907 77215 17  4 78  1  0 2026-10-03 20:53:07
 3  0 3151384 1538952 461572 27801496    0    0     0   940 36155 109516 21  5 73  0  0 2026-10-03 20:53:08
 7  0 3151384 1306552 461868 27829544    0    0   128  2888 28002 77421 19  6 75  1  0 2026-10-03 20:53:09
 2  0 3151384 1296204 461876 27827012    0    0     0   928 23022 69601 16  4 80  1  0 2026-10-03 20:53:10
 6  0 3151384 1288160 461884 27830252    0    0     0  1020 22816 67453 14  3 83  0  0 2026-10-03 20:53:11
 6  0 3151384 1291828 461884 27832452    0    0     0   644 24166 69766 19  5 76  0  0 2026-10-03 20:53:12
 4  0 3151384 1283312 461884 27835576    0    0     0   904 22695 66705 13  4 82  0  0 2026-10-03 20:53:13
 3  0 3151384 1280780 461884 27837488    0    0     0   680 19547 59795 14  4 82  0  0 2026-10-03 20:53:14
11  0 3151384 1260292 461912 27852468    0    0     0  1640 26891 78330 23  7 70  0  0 2026-10-03 20:53:15
 5  0 3151384 1233440 461920 27854960    0    0     0   828 22213 66174 19  3 78  0  0 2026-10-03 20:53:16
11  0 3151384 1227784 461920 27857484   16    0    16  1052 24582 68958 19  5 75  0  0 2026-10-03 20:53:17
 4  0 3151384 1208640 461920 27858920    0    0     0   704 22646 67478 16  4 80  0  0 2026-10-03 20:53:18
 8  0 3151384 1212112 461920 27861308    0    0     0   896 21461 64016 16  5 79  0  0 2026-10-03 20:53:19
 4  0 3151384 1189568 461940 27868144    0    0   256   812 21700 64884 19  4 76  0  0 2026-10-03 20:53:20
 3  0 3151384 1407968 461952 27870696    0    0     0   384 16590 55864 15  3 81  0  0 2026-10-03 20:53:21
 9  0 3151384 1370552 461992 27913236    0    0     0 66992 19945 62069 16  5 79  0  0 2026-10-03 20:53:22
 1  0 3151128 1791092 462016 27499540  148    0   148 41332 16524 55062 11  3 85  0  0 2026-10-03 20:53:23
 7  0 3151128 1784252 462128 27500736    0    0     0 50240 21211 67469 14  4 82  0  0 2026-10-03 20:53:24
 8  0 3151128 1754532 462128 27501948    0    0     0    20 29127 94266 15  4 80  0  0 2026-10-03 20:53:25
 9  0 3151128 1774604 462128 27501660    0    0     0   264 17139 55308 14  3 83  0  0 2026-10-03 20:53:26
12  0 3151128 1777372 462136 27505480    0    0    40    48 19123 58341 19  3 77  0  0 2026-10-03 20:53:27
procs -----------memory---------- ---swap-- -----io---- -system-- ------cpu----- -----timestamp-----
 r  b   swpd   free   buff  cache   si   so    bi    bo   in   cs us sy id wa st                CEST
 6  0 3151128 1791832 462136 27507108    0    0     0    20 15129 51530 11  3 86  0  0 2026-10-03 20:53:28
 8  0 3151128 1791584 462148 27508968    0    0     0   632 16450 53257 14  3 84  0  0 2026-10-03 20:53:32
 5  0 3151128 1780400 462148 27510964    0    0     0    20 12430 44669  8  3 90  0  0 2026-10-03 20:53:33
 7  0 3151128 1764952 462156 27515504    0    0   320   696 20886 64315 19  5 75  0  0 2026-10-03 20:53:34
 7  0 3151128 1739632 462156 27543144    0    0    68    64 19846 60612 24  6 70  0  0 2026-10-03 20:53:35
 3  0 3151128 1729752 462156 27546564    8    0     8   284 19935 58917 23  6 71  0  0 2026-10-03 20:53:36
 6  0 3151128 1719112 462164 27548296    0    0     0    76 19531 59605 21  5 73  0  0 2026-10-03 20:53:37
 9  0 3151128 1733064 462164 27549964    0    0     0    20 21342 63180 22  7 71  0  0 2026-10-03 20:53:38
 4  0 3151128 2105604 462216 27160924    0    0     0 23192 16670 52519 20  6 73  0  0 2026-10-03 20:53:39
 5  0 3151128 2204156 462216 27069932    0    0     0    80 17779 55926 17  6 77  0  0 2026-10-03 20:53:40
 9  0 3151128 2192976 462216 27076412    0    0  4848    60 21363 63467 20  6 73  0  0 2026-10-03 20:53:41
 5  0 3151128 2207768 462216 27078676    0    0   912   272 19609 56989 23  6 71  0  0 2026-10-03 20:53:42
18  0 3151128 2210756 462216 27080672    0    0    24    20 14377 48182 13  5 82  0  0 2026-10-03 20:53:43
 4  0 3151128 2203460 462228 27082624    4    0     4   360 21798 64368 21  6 73  0  0 2026-10-03 20:53:44
 9  0 3151128 2204752 462228 27084248    0    0     0   272 20941 63569 20  7 73  0  0 2026-10-03 20:53:45
 6  0 3151128 2205560 462228 27086004    0    0     0   104 18949 57131 21  8 71  0  0 2026-10-03 20:53:46
 7  0 3151128 2209300 462228 27087632    0    0     0    16 20013 58168 24  7 68  0  0 2026-10-03 20:53:47
 4  0 3151128 2197576 462228 27089320    0    0     0   272 16688 53400 15  6 79  0  0 2026-10-03 20:53:48
 7  0 3151128 2189976 462236 27099124   16    0   500   172 21998 64665 24  8 68  0  0 2026-10-03 20:53:49
 1  0 3151128 2194028 462244 27101232   16    0    16   128 17585 56727 12  4 84  0  0 2026-10-03 20:53:50
 7  0 3151128 2188276 462244 27102948    0    0     0   104 14983 50027 11  3 86  0  0 2026-10-03 20:53:51
procs -----------memory---------- ---swap-- -----io---- -system-- ------cpu----- -----timestamp-----
 r  b   swpd   free   buff  cache   si   so    bi    bo   in   cs us sy id wa st                CEST
 3  0 3151128 2184540 462244 27104820    0    0     0   276 19253 59110 15  4 81  0  0 2026-10-03 20:53:52
 2  0 3151128 2192424 462244 27106624   20    0    20    16 13408 47271 11  3 86  0  0 2026-10-03 20:53:53
 1  0 3151128 2196396 462256 27108468    0    0     0   348 17721 54977 14  3 83  0  0 2026-10-03 20:53:54
 1  0 3151128 2190956 462256 27101384    0    0     0   272 17774 58350 12  3 85  0  0 2026-10-03 20:53:55
 7  0 3151128 2189788 462264 27103528    0    0     0   132 16239 54049 11  3 86  0  0 2026-10-03 20:53:56
 3  0 3151128 2189408 462264 27105664    0    0     0   884 18245 57363 15  3 82  0  0 2026-10-03 20:53:57
 5  0 3151128 2178096 462264 27107240    0    0     0 51720 13951 49130  8  3 89  0  0 2026-10-03 20:53:58
 8  0 3151128 2182820 462272 27109808    0    0     0   376 19118 59836 14  3 83  0  0 2026-10-03 20:53:59
 2  0 3151128 2197004 462300 27111836    0    0     0   316 16645 55607 10  4 86  0  0 2026-10-03 20:54:00
 7  0 3151128 2188344 462300 27113844    0    0     0   320 15427 51115 12  4 84  0  0 2026-10-03 20:54:01
 5  0 3151128 2176048 462308 27115496    4    0     4    36 17472 55802 16  5 79  0  0 2026-10-03 20:54:05
 9  0 3151128 2182552 462308 27117332    0    0     0    16 12017 42663  8  2 89  0  0 2026-10-03 20:54:06
 5  0 3151128 2174388 462308 27118692    0    0     0   272 19006 59519 18  6 77  0  0 2026-10-03 20:54:07
 5  0 3151128 2160384 462320 27120640    0    0     0   652 20169 64296 15  4 81  0  0 2026-10-03 20:54:08
 4  0 3151128 2182548 462320 27122552    0    0     0    96 16370 55058 12  2 86  0  0 2026-10-03 20:54:09
 2  0 3151128 2166944 462320 27125304    0    0     0    20 17844 55281 16  3 81  0  0 2026-10-03 20:54:10
 3  0 3151128 2166176 462328 27126724    0    0     0   304 15482 52654 11  3 86  0  0 2026-10-03 20:54:11
 9  0 3151128 2177448 462328 27128580    0    0     0    16 18723 58464 14  4 83  0  0 2026-10-03 20:54:12
 3  0 3151128 2167204 462336 27130776    0    0     0   152 15628 52487 11  3 86  0  0 2026-10-03 20:54:13
 5  0 3151128 2162580 462336 27131992    0    0     0   356 15658 53183  9  3 87  0  0 2026-10-03 20:54:14
 4  0 3151128 2173044 462336 27134248   16    0    16    20 18904 58686 15  4 80  0  0 2026-10-03 20:54:15
procs -----------memory---------- ---swap-- -----io---- -system-- ------cpu----- -----timestamp-----
 r  b   swpd   free   buff  cache   si   so    bi    bo   in   cs us sy id wa st                CEST
 2  1 3151128 2164268 462340 27135824    0    0     0 64260 13329 46730  9  3 88  0  0 2026-10-03 20:54:16
 2  0 3151128 2159000 462340 27137380    0    0     0   264 17338 54431 12  3 85  0  0 2026-10-03 20:54:17
 6  0 3151128 2158100 462364 27139204    0    0     0   312 18707 60699 14  4 82  0  0 2026-10-03 20:54:18
 5  0 3151128 2160504 462364 27141236    0    0     0   164 19214 61441 15  3 82  0  0 2026-10-03 20:54:19
 4  0 3151128 2151272 462364 27143352    0    0     0   272 16901 53315 13  3 83  0  0 2026-10-03 20:54:20
 3  0 3151128 2154168 462364 27144920    0    0     0    28 13533 47413  7  2 91  0  0 2026-10-03 20:54:21
 4  0 3151128 2146236 462364 27146636    0    0     0    16 18961 59182 18  4 78  0  0 2026-10-03 20:54:22
 4  0 3151128 2154716 462372 27148412   16    0    16   144 18967 62020  9  3 87  0  0 2026-10-03 20:54:23
 3  0 3151128 2145136 462380 27150160    0    0     0   388 17439 55452 13  3 85  0  0 2026-10-03 20:54:24
 3  0 3151128 2139012 462380 27152068   16    0    16    84 13771 47728  9  3 88  0  0 2026-10-03 20:54:25
 6  0 3151128 2145652 462380 27153880    0    0     0    20 17955 56532 14  3 83  0  0 2026-10-03 20:54:26
 1  0 3151128 2148192 462380 27155428    0    0     0   272 16151 54423 11  2 87  0  0 2026-10-03 20:54:27
 3  0 3151128 2143640 462392 27157560    0    0     0   172 16251 52995 12  3 85  0  0 2026-10-03 20:54:28
 6  0 3151128 2133176 462392 27159352    0    0     0    16 16816 57080  9  3 88  0  0 2026-10-03 20:54:29
 7  0 3151128 2133584 462400 27161448    0    0     0   368 18447 59485 15  5 80  0  0 2026-10-03 20:54:30
 2  0 3151128 2147232 462400 27163252    0    0     0    20 16798 53410 13  3 84  0  0 2026-10-03 20:54:31
 3  0 3151128 2152288 462400 27164956    0    0     0  2208 15151 52617  8  4 88  0  0 2026-10-03 20:54:32
 4  0 3151128 2119612 462404 27166824    0    0     0   440 19226 60539 15  3 82  0  0 2026-10-03 20:54:33
 9  0 3151128 2123664 462404 27168644    0    0     0    16 14294 49789  8  3 89  0  0 2026-10-03 20:54:34
 7  0 3151128 2130132 462412 27170464    0    0     0   136 17749 54415 13  3 84  0  0 2026-10-03 20:54:37
 1  0 3151128 2124100 462412 27172364    0    0     0   276 15989 52214 11  2 87  0  0 2026-10-03 20:54:38
procs -----------memory---------- ---swap-- -----io---- -system-- ------cpu----- -----timestamp-----
 r  b   swpd   free   buff  cache   si   so    bi    bo   in   cs us sy id wa st                CEST
 5  0 3151128 2117468 462412 27174160    0    0     0    16 15698 52649 10  3 87  0  0 2026-10-03 20:54:39
11  0 3151128 2121424 462428 27175920    0    0     0   212 18199 59820 12  3 85  0  0 2026-10-03 20:54:40
 6  0 3151128 2128896 462428 27177780    0    0     0    52 17785 58966 10  3 87  0  0 2026-10-03 20:54:41
 3  0 3151128 2119896 462428 27179536    0    0     0   484 19726 60662 14  3 82  0  0 2026-10-03 20:54:42
 7  0 3151128 2118864 462484 27182172    0    0     0   360 13380 47271  8  2 90  0  0 2026-10-03 20:54:43
 3  0 3151128 2101888 462484 27183744    0    0     0    24 20873 65562 15  4 81  0  0 2026-10-03 20:54:44
 8  0 3151128 2092860 462484 27185468    0    0     0   272 12862 46167  8  2 90  0  0 2026-10-03 20:54:45
 5  0 3151128 2107960 462516 27187960    0    0     0   384 17999 55670 13  3 84  0  0 2026-10-03 20:54:46
 3  0 3151128 2111248 462516 27189724    0    0     0    16 16456 53510 13  4 83  0  0 2026-10-03 20:54:47
 6  0 3151128 2106540 462516 27191320    0    0     0   276 15984 53606  9  3 88  0  0 2026-10-03 20:54:48
 5  0 3151128 2109904 462524 27193072    0    0     0 56336 13544 46648  9  2 89  0  0 2026-10-03 20:54:49
 9  0 3151128 2103192 462536 27195248    0    0     0   604 16710 55053 10  2 88  0  0 2026-10-03 20:54:50
 7  0 3151128 2113284 462536 27196744   24    0    24   180 24256 72008 17  4 78  0  0 2026-10-03 20:54:51
 2  0 3151128 2089856 462536 27198736    0    0     0    16 14571 51106  9  3 88  0  0 2026-10-03 20:54:52
 7  0 3151128 2095488 462536 27200508    0    0     0    20 17100 55237 13  3 84  0  0 2026-10-03 20:54:53
12  0 3151128 2104744 462536 27201852    0    0     0   300 15343 50957  9  4 87  0  0 2026-10-03 20:54:54
 8  0 3151128 2091404 462552 27203740    0    0     0   312 20836 65542 15  3 82  0  0 2026-10-03 20:54:55
 5  0 3151128 2094996 462552 27205492    0    0     0    28 19533 60172 17  3 80  0  0 2026-10-03 20:54:56
 1  0 3151128 2088756 462552 27207356    0    0     0    16 14213 49560  7  3 90  0  0 2026-10-03 20:54:57
 1  0 3151128 2089152 462552 27209452    0    0     0   276 16831 54294 12  3 85  0  0 2026-10-03 20:54:58
 3  0 3151128 2083972 462552 27210984    0    0     0   144 13237 46256  8  2 90  0  0 2026-10-03 20:54:59
procs -----------memory---------- ---swap-- -----io---- -system-- ------cpu----- -----timestamp-----
 r  b   swpd   free   buff  cache   si   so    bi    bo   in   cs us sy id wa st                CEST
 1  0 3151128 2094392 462568 27212660    0    0     0   184 20395 64359 15  3 82  0  0 2026-10-03 20:55:00
 1  0 3151128 2094136 462576 27214500    0    0     0   292 15781 53340  8  2 89  0  0 2026-10-03 20:55:01
 2  0 3151128 2088140 462576 27216132    0    0     0    16 18306 58204 12  2 85  0  0 2026-10-03 20:55:02
 2  0 3151128 2083644 462576 27217972    0    0     0    36 15621 53785  8  3 89  0  0 2026-10-03 20:55:03
 9  0 3151128 2080116 462576 27220012    0    0     0   352 18678 59306 13  3 84  0  0 2026-10-03 20:55:04
 4  0 3151128 2086300 462584 27222360    0    0     0   172 14926 50302 10  3 88  0  0 2026-10-03 20:55:05
 7  0 3151128 2074644 462584 27224056    0    0     0    20 17811 59709 14  4 83  0  0 2026-10-03 20:55:06
 2  0 3151128 2090628 462592 27225836    8    0     8   284 15062 47446 22  2 76  0  0 2026-10-03 20:55:10
 3  0 3151128 2073140 462592 27227544    0    0     0    20 16089 53171 11  2 86  0  0 2026-10-03 20:55:11
 3  1 3151128 2078656 462592 27229084    0    0     0   160 12473 44567  8  2 90  0  0 2026-10-03 20:55:12
 6  0 3151128 2065300 462600 27230576    0    0     0   404 21559 65821 15  3 82  0  0 2026-10-03 20:55:13
 3  0 3151128 2085408 462604 27232140    0    0     0   120 18232 58417 11  4 86  0  0 2026-10-03 20:55:14
 7  0 3151128 2075192 462604 27234200    0    0     4    16 16493 52433 11  3 85  0  0 2026-10-03 20:55:15
 2  0 3151128 2077132 462612 27237388    0    0     0    44 16394 54512 10  3 87  0  0 2026-10-03 20:55:16
 5  0 3151128 2073168 462612 27239240    0    0     0   532 14439 48534 11  3 86  0  0 2026-10-03 20:55:17
 4  0 3151128 2052512 462612 27240592    0    0     0    16 20432 62345 17  4 79  0  0 2026-10-03 20:55:18
 4  0 3151128 2067284 462620 27242788    0    0     0   184 15241 52045  8  2 90  0  0 2026-10-03 20:55:19
 3  0 3151128 2056732 462620 27244440    0    0     0   272 17831 56119 14  3 83  0  0 2026-10-03 20:55:20
 5  0 3151128 2063272 462620 27246408    0    0     0    16 14819 50791  8  3 90  0  0 2026-10-03 20:55:21
 6  0 3151128 2059144 462620 27248208    0    0     0   128 16430 51494 13  3 85  0  0 2026-10-03 20:55:22
 2  0 3151128 2062812 462628 27249924    0    0     0 56548 17513 54456 12  3 85  0  0 2026-10-03 20:55:23
procs -----------memory---------- ---swap-- -----io---- -system-- ------cpu----- -----timestamp-----
 r  b   swpd   free   buff  cache   si   so    bi    bo   in   cs us sy id wa st                CEST
 2  0 3151128 2057616 462644 27251124    0    0     0   260 20106 65160 12  4 84  0  0 2026-10-03 20:55:24
 1  0 3151128 2055492 462644 27252724    8    0     8    44 18596 59177 14  3 83  0  0 2026-10-03 20:55:25
10  0 3151128 2050152 462644 27254664    0    0     0   372 13709 47755  8  2 90  0  0 2026-10-03 20:55:26
 6  0 3151128 2048980 462644 27256384    0    0     0    20 17125 54063 14  3 83  0  0 2026-10-03 20:55:27
 3  0 3151128 2048756 462644 27257968    0    0     0    16 21197 66656 11  4 84  0  0 2026-10-03 20:55:28
 3  0 3151128 2033684 462652 27260240    0    0     0   412 19222 60124 13  3 85  0  0 2026-10-03 20:55:29
 1  0 3151128 2042760 462660 27262164    0    0     0    56 15874 52268 10  3 87  0  0 2026-10-03 20:55:30
 3  0 3151128 2037000 462684 27264320    4    0     4   424 16675 55073 11  3 86  0  0 2026-10-03 20:55:31
 9  0 3151128 2035080 462684 27265956    0    0     0    20 15978 50980 13  2 86  0  0 2026-10-03 20:55:32
 2  0 3151128 2030808 462684 27267992    0    0     0   272 13751 48095  7  3 90  0  0 2026-10-03 20:55:33
 7  0 3151128 2022028 462692 27270076    0    0     0   420 20424 63959 16  4 80  0  0 2026-10-03 20:55:34
 3  0 3151128 2034004 462692 27271844    0    0     0    16 14591 49994  7  2 90  0  0 2026-10-03 20:55:35
 7  0 3151128 2036736 462700 27273128    0    0     0   400 18925 60796 12  3 84  0  0 2026-10-03 20:55:36
 1  0 3151128 2032040 462700 27275240    0    0     0    28 16748 54730 13  3 84  0  0 2026-10-03 20:55:37
 6  0 3151128 2039308 462700 27276912    0    0     0   640 15351 52447 10  3 88  0  0 2026-10-03 20:55:38
 4  0 3151128 2032336 462708 27278808    0    0     0   452 18987 60805 11  4 85  0  0 2026-10-03 20:55:39
 3  0 3151128 2018084 462708 27280580    0    0     0    68 16579 54094 11  3 86  0  0 2026-10-03 20:55:42
 3  0 3151128 2029380 462716 27282340    0    0     0    40 16075 52224 16  3 81  0  0 2026-10-03 20:55:43
 2  0 3151128 2025996 462716 27283804    0    0     0   276 12650 44464  8  2 89  0  0 2026-10-03 20:55:44
 4  0 3151128 2024308 462716 27285076   28    0    28    16 19123 60269 14  4 82  0  0 2026-10-03 20:55:45
 4  0 3151128 2033604 462728 27287568    0    0     0   224 16919 55131  9  3 88  0  0 2026-10-03 20:55:46
procs -----------memory---------- ---swap-- -----io---- -system-- ------cpu----- -----timestamp-----
 r  b   swpd   free   buff  cache   si   so    bi    bo   in   cs us sy id wa st                CEST
 9  0 3151128 2029340 462728 27289460    0    0     0   388 19640 61511 13  3 83  0  0 2026-10-03 20:55:47
 6  0 3151128 2014616 462728 27292152    0    0     0    16 18559 57675 14  3 83  0  0 2026-10-03 20:55:48
 6  0 3151128 2010304 462728 27293736    0    0     0    20 12322 43878  7  2 91  0  0 2026-10-03 20:55:49
 5  0 3151128 2033708 462728 27295772    0    0     0    16 19012 59902 15  3 82  0  0 2026-10-03 20:55:50
 6  0 3151128 2009152 462732 27297244    0    0     0   396 15626 53157  8  6 85  0  0 2026-10-03 20:55:51
 3  0 3151128 2036920 462732 27299348    0    0     0   144 16948 54674 15  4 81  0  0 2026-10-03 20:55:52
 5  0 3151128 2025604 462740 27301016    0    0     0   212 18159 56565 17  4 79  0  0 2026-10-03 20:55:53
 2  0 3151128 2027828 462740 27302760    0    0     0   272 12239 43104  7  2 91  0  0 2026-10-03 20:55:54
 6  0 3151128 2015056 462740 27304404    0    0     0    44 17852 55236 15  4 81  0  0 2026-10-03 20:55:55
 8  0 3151128 1998504 462756 27306252    0    0     0 56952 14651 49506  9  2 89  0  0 2026-10-03 20:55:56
 4  0 3151128 2023972 462756 27308156    0    0     0   240 21361 64997 15  5 79  0  0 2026-10-03 20:55:57
10  0 3151128 1996588 462888 27309344    0    0     0  6464 32429 98007 24  8 68  0  0 2026-10-03 20:55:58
15  1 3151128 2007252 462988 27310716    0    0     0  4772 27930 87828 16  5 79  0  0 2026-10-03 20:55:59
 7  0 3151128 1948360 463096 27312104   16    0    16  1196 41853 118062 33 11 56  0  0 2026-10-03 20:56:00
 4  0 3151128 1867884 463272 27323008    0    0     0  1056 21027 62949 14  6 80  0  0 2026-10-03 20:56:01
 4  0 3151128 1840892 463272 27332964    0    0     0   136 20562 62395 14  5 81  0  0 2026-10-03 20:56:02
 9  0 3151128 1829644 463272 27338508    0    0     0    16 17364 53591 15  3 82  0  0 2026-10-03 20:56:03
 2  0 3151128 2005980 463328 27321000    0    0     0 10548 21042 69082 11  5 83  0  0 2026-10-03 20:56:04
 5  0 3151128 2002224 463328 27322744    0    0     0    20 27634 85067 18  4 78  0  0 2026-10-03 20:56:05
 8  0 3151128 1980916 463336 27324388    0    0     0    52 14094 48582 10  3 87  0  0 2026-10-03 20:56:06
 9  0 3151128 1992560 463340 27326212    0    0     0   420 22330 70244 15  5 81  0  0 2026-10-03 20:56:07
procs -----------memory---------- ---swap-- -----io---- -system-- ------cpu----- -----timestamp-----
 r  b   swpd   free   buff  cache   si   so    bi    bo   in   cs us sy id wa st                CEST
 6  0 3151128 1983664 463340 27328036    0    0     0   304 18485 56959 15  3 81  0  0 2026-10-03 20:56:08
 2  0 3151128 1980092 463340 27329848    0    0     0    16 13993 48216  8  4 88  0  0 2026-10-03 20:56:09
 7  0 3151128 1965744 463340 27331200    0    0     0    20 20369 62181 15  4 81  0  0 2026-10-03 20:56:10
 5  0 3151128 1982384 463340 27333432    0    0     0    16 12656 45093  8  2 90  0  0 2026-10-03 20:56:11
10  0 3151128 1978032 463356 27335156    8    0     8   276 21487 65564 14  4 82  0  0 2026-10-03 20:56:15
 2  0 3151128 1965304 463356 27337308    0    0     0    20 17400 55512 12  3 85  0  0 2026-10-03 20:56:16
 1  0 3151128 1981812 463356 27339112    0    0     0    16 13621 45625  9  2 89  0  0 2026-10-03 20:56:17
 2  0 3151128 1981624 463388 27340476   52    0    52   348 18212 57085 12  3 86  0  0 2026-10-03 20:56:18
 3  0 3151128 1985168 463388 27342708    0    0     0    16 15451 52764 10  3 87  0  0 2026-10-03 20:56:19
 8  0 3151128 1975948 463400 27344728    0    0     0   464 21412 67200 17  5 78  0  0 2026-10-03 20:56:20
 4  0 3151128 1964920 463408 27347684    0    0     0    48 15597 51705 11  3 86  0  0 2026-10-03 20:56:21
 8  0 3151128 1978784 463408 27349464    0    0     0 18568 15813 50938 10  4 86  0  0 2026-10-03 20:56:22
 3  0 3151128 1973316 463408 27351128    0    0     0    28 15219 49867 10  3 87  0  0 2026-10-03 20:56:23
 8  0 3151128 1986984 463408 27352844    0    0     0   116 16404 54158 12  4 85  0  0 2026-10-03 20:56:24
 2  0 3151128 1965928 463416 27354404    0    0     0   264 18924 58556 15  4 82  0  0 2026-10-03 20:56:25
 2  0 3151128 1981372 463416 27355756    0    0     0    48 16903 54497 11  4 85  0  0 2026-10-03 20:56:26
 2  0 3151128 1978648 463416 27357604    0    0     0    16 15875 52189 13  3 84  0  0 2026-10-03 20:56:27
 1  0 3151128 1979824 463416 27359180    0    0     0    16 13652 47853  8  2 90  0  0 2026-10-03 20:56:28
 6  0 3151128 1975988 463424 27361200    4    0     4    96 15988 52701 11  2 86  0  0 2026-10-03 20:56:29
 5  0 3151128 1976808 463428 27362572    0    0     0   456 22739 67737 18  4 78  0  0 2026-10-03 20:56:30
 5  0 3151128 1967372 463428 27364764    0    0     0    20 14170 48983  9  2 89  0  0 2026-10-03 20:56:31
procs -----------memory---------- ---swap-- -----io---- -system-- ------cpu----- -----timestamp-----
 r  b   swpd   free   buff  cache   si   so    bi    bo   in   cs us sy id wa st                CEST
 2  0 3151128 1965620 463428 27366520    8    0     8    16 18265 57060 15  4 81  0  0 2026-10-03 20:56:32
 4  0 3151128 1947040 463428 27368772   16    0    16    16 12679 44760  7  2 91  0  0 2026-10-03 20:56:33
 7  0 3151128 1956272 463460 27370136    0    0     0   692 26950 81982 16  6 78  0  0 2026-10-03 20:56:34
 7  0 3151128 1948560 463472 27372204    0    0     0   480 38697 118586 19  5 76  0  0 2026-10-03 20:56:35
 9  0 3151128 1932072 463692 27381532    0    0   352 53244 50809 152965 14  7 79  1  0 2026-10-03 20:56:36
 2  0 3151128 1811820 463792 27504420    0    0   356  3672 30721 90825 18  7 74  0  0 2026-10-03 20:56:37
 3  0 3151128 1649320 463792 27664144    0    0     0    16 12945 44665  7  6 87  0  0 2026-10-03 20:56:38
 5  0 3151128 1478116 463792 27835420    0    0     0   112 16641 53334 12  6 82  0  0 2026-10-03 20:56:39
 4  0 3151128 1318992 463804 28003860    0    0     0   396 21132 64469 17  7 77  0  0 2026-10-03 20:56:40
15  0 3151128 1185536 463804 28135516    0    0     0    20 16667 54678 10  7 83  0  0 2026-10-03 20:56:41
 2  0 3151128 1092812 463812 28249208    0    0     0    44 17773 55990 15  7 79  0  0 2026-10-03 20:56:42
 4  0 3151128 973200 463812 28360640    0    0     0    16 12612 45107  7  5 88  0  0 2026-10-03 20:56:43
 3  0 3151128 848464 463812 28476980    0    0     0   180 21854 66804 15  8 78  0  0 2026-10-03 20:56:44
 3  0 3151128 699180 463844 28627160    0    0     0   372 20601 62821 15  7 78  0  0 2026-10-03 20:56:48
 9  0 3151128 674348 464236 28645364    0    0     0 1272688 21519 70454 10  5 82  2  0 2026-10-03 20:56:49
 4  0 3151128 666520 464256 28664660    0    0     0  3016 20922 67112 17  5 78  0  0 2026-10-03 20:56:50
14  0 3151128 624988 464376 28679140    0    0     0 35228 28369 86940 16  4 79  0  0 2026-10-03 20:56:51
 5  0 3151128 587360 464396 28699540    0    0   604   160 28927 88708 22  5 72  0  0 2026-10-03 20:56:52
 5  0 3151128 563708 464416 28719332    0    0   260   224 25034 80840 21  5 75  0  0 2026-10-03 20:56:53
 9  0 3151128 529384 464416 28741024    0    0   116    16 19438 65233 14  4 82  0  0 2026-10-03 20:56:54
 5  1 3151128 565256 464460 28750452    0    0    32 69916 20561 62696 21  4 75  0  0 2026-10-03 20:56:55
procs -----------memory---------- ---swap-- -----io---- -system-- ------cpu----- -----timestamp-----
 r  b   swpd   free   buff  cache   si   so    bi    bo   in   cs us sy id wa st                CEST
 3  0 3151128 560764 464476 28757604    0    0     0   272 29124 89462 15  4 81  0  0 2026-10-03 20:56:56
 3  0 3151128 548988 464476 28767700    0    0     0   140 21792 66238 17  4 80  0  0 2026-10-03 20:56:57
 2  0 3151128 559576 464476 28776228    0    0     0    16 18468 57850 17  3 79  0  0 2026-10-03 20:56:58
 7  0 3151128 535892 464476 28786536    0    0     0    16 16405 54599 11  3 86  0  0 2026-10-03 20:56:59
 6  0 3151128 520668 464476 28801560    8    0     8    20 23816 71765 20  4 76  0  0 2026-10-03 20:57:00
 8  0 3151128 502644 464496 28820360    0    0     0   380 15300 51569 10  2 87  0  0 2026-10-03 20:57:01
 9  0 3151128 476844 464496 28837740    8    0     8    52 21987 70129 18  3 79  0  0 2026-10-03 20:57:02
 6  0 3151128 459200 464512 28857188    0    0     0   324 23199 73024 15  6 79  0  0 2026-10-03 20:57:03
 5  0 3151128 450412 464524 28876596    0    0     0   396 21694 69131 15  4 81  0  0 2026-10-03 20:57:04
 3  0 3151128 433648 464524 28897276    0    0     0    88 19154 62742 14  3 83  0  0 2026-10-03 20:57:05
 3  0 3150872 396824 464524 28916068   24    0    24    92 19257 63848 13  3 84  0  0 2026-10-03 20:57:06
10  0 3150872 378200 464532 28937860    0    0     0    32 26565 80598 20  5 75  0  0 2026-10-03 20:57:07
11  0 3150872 346960 464532 28955324    0    0     0    24 21575 69399 14  4 82  0  0 2026-10-03 20:57:08
 9  0 3150872 342892 464536 28975160    0    0     0   156 22180 68257 15  4 81  0  0 2026-10-03 20:57:09
 4  0 3150872 336712 464536 28989292    0    0     0    20 18232 61874 12  3 85  0  0 2026-10-03 20:57:10
 6  0 3150872 385264 464432 28945888    0    0     0    96 17985 61115 12  3 84  0  0 2026-10-03 20:57:11
11  0 3150872 360780 464432 28960440    0    0     0    20 20963 68091 18  4 78  0  0 2026-10-03 20:57:12
 2  0 3150872 342732 464432 28976456   68    0    68    16 16821 59655 12  4 84  0  0 2026-10-03 20:57:13
 7  0 3150872 397384 464436 28930892    0    0     0   224 23468 71835 18  5 78  0  0 2026-10-03 20:57:14
 9  0 3150872 343404 464436 28951444    0    0     8    20 21835 76259 16  5 80  0  0 2026-10-03 20:57:15
 8  0 3150872 339200 464444 28976352    0    0     0   120 18803 70179 12  3 85  0  0 2026-10-03 20:57:16
procs -----------memory---------- ---swap-- -----io---- -system-- ------cpu----- -----timestamp-----
 r  b   swpd   free   buff  cache   si   so    bi    bo   in   cs us sy id wa st                CEST
 9  0 3160376 378068 464376 28948116    0 9428     0  9444 26199 87579 19  6 75  0  0 2026-10-03 20:57:17
 5  0 3160376 347800 464376 28971440    0    0     0    20 18841 70045 12  4 84  0  0 2026-10-03 20:57:20
 9  0 3160376 404868 464324 28932552    0    0     0   156 26091 87053 21  5 74  0  0 2026-10-03 20:57:21
 6  0 3160376 366604 464324 28952512    0    0     0    20 16989 68399 10  4 86  0  0 2026-10-03 20:57:22
 7  0 3160376 331192 464324 28963220    0    0     4    80 20680 65480 15  5 80  0  0 2026-10-03 20:57:23
10  0 3160376 332272 464332 28975372    0    0     0   212 16190 52308 28  3 69  0  0 2026-10-03 20:57:24
12  0 3161920 370520 464296 28951000    0 1508     0  1704 20543 74104 37  5 58  0  0 2026-10-03 20:57:25
 5  0 3161920 350272 464312 28973708    0    0    28   528 25291 82771 31  6 63  0  0 2026-10-03 20:57:26
 7  0 3161920 322428 464312 28998828    0    0     0    20 22437 74580 17  3 80  0  0 2026-10-03 20:57:27
 2  0 3177600 366788 464252 28958248    4 15516     4 555372 19325 73247 13  4 83  0  0 2026-10-03 20:57:28
 8  0 3177600 346612 464260 28970472    4    0     4   920 20730 72722 14  5 81  0  0 2026-10-03 20:57:29
 9  0 3177600 321660 464260 28993684    0    0     0    20 23290 82233 19  4 77  0  0 2026-10-03 20:57:30
 3  0 3178112 347892 464240 28972664    0  604     0   800 21033 78265 14  4 82  0  0 2026-10-03 20:57:31
 7  0 3178112 395820 464240 28992064    0    0     0    28 22405 80025 17  5 78  0  0 2026-10-03 20:57:32
 4  0 3178112 395052 464224 28956696   24    0    24    16 20954 76370 14  4 82  0  0 2026-10-03 20:57:33
 9  0 3178112 365400 464232 28980132    0    0     0   456 19259 73852 13  3 84  0  0 2026-10-03 20:57:34
 5  0 3178112 333844 464232 29001384    0    0     0    20 22794 82191 18  5 77  0  0 2026-10-03 20:57:35
 4  0 3178112 368160 464248 28963836    0    0     0   216 26155 94865 14  5 81  0  0 2026-10-03 20:57:36
10  0 3178112 343352 464248 28991472    0    0     0    20 21325 81183 17  3 80  0  0 2026-10-03 20:57:37
 5  0 3178112 387080 464248 28955672    0    0     0    16 17596 72802 10  4 86  0  0 2026-10-03 20:57:38
 6  0 3178112 349616 464248 28978704    0    0    12   156 25733 86744 17  4 78  0  0 2026-10-03 20:57:39
procs -----------memory---------- ---swap-- -----io---- -system-- ------cpu----- -----timestamp-----
 r  b   swpd   free   buff  cache   si   so    bi    bo   in   cs us sy id wa st                CEST
 9  0 3178880 386884 464252 28959248    0  644     0   732 26715 91283 20  5 75  0  0 2026-10-03 20:57:40
 6  0 3178880 334316 464260 28982184    0    0     0   152 20955 81649 13  4 84  0  0 2026-10-03 20:57:41
10  0 3178880 400280 464260 28946912    0    0     0    16 23732 84668 19  4 76  0  0 2026-10-03 20:57:42
 3  0 3178880 362680 464260 28968788    0    0     0   708 18245 72857 13  4 84  0  0 2026-10-03 20:57:43
 7  0 3178880 328436 464260 28991500    0    0     0   104 20932 73137 15  3 82  0  0 2026-10-03 20:57:44
 4  0 3178880 363340 464260 28953144    0    0     0    20 21978 75964 17  4 79  0  0 2026-10-03 20:57:45
 5  1 3178880 324156 464444 28969336    0    0     0 386712 21005 72672 10  4 85  1  0 2026-10-03 20:57:46
 8  0 3180168 374364 464520 28960808   16 1172    28 110460 39597 109054 19 10 71  0  0 2026-10-03 20:57:47
 7  0 3182480 346944 464516 28984768    0 2168    12  2188 39489 102255 14  8 78  0  0 2026-10-03 20:57:48
 6  0 3182480 374140 464516 28983984    0    0     0   164 37974 98797 14  7 79  0  0 2026-10-03 20:57:49
11  0 3186336 378356 464508 28990304    0 3916     4  3936 42262 109194 20  8 72  0  0 2026-10-03 20:57:53
11  0 3186336 328516 464500 29022920    0    0     0    16 39442 108084 14  8 78  0  0 2026-10-03 20:57:54
 7  0 3186336 358112 464516 29029996    0    0     0   684 41658 106517 16  8 76  0  0 2026-10-03 20:57:55
 4  0 3186336 366860 464516 29022948   16    0    16   212 36250 92035 14  7 78  0  0 2026-10-03 20:57:56
15  0 3186336 360408 464476 28998456    0    0    16    88 39904 101837 13  8 79  0  0 2026-10-03 20:57:57
15  0 3188136 371416 464408 29002984    0 1816     0  1836 42826 107032 18  9 73  0  0 2026-10-03 20:57:58
 6  0 3188136 353076 464408 29040180    0    0     0    16 43482 109683 14  8 77  0  0 2026-10-03 20:57:59
 9  0 3188136 339912 464420 29035864    0    0     0   204 51724 130156 17 11 71  0  0 2026-10-03 20:58:00
 4  0 3188136 397164 464496 28941288    8    0   212  3628 45954 128442 27 10 62  1  0 2026-10-03 20:58:01
11  0 3188136 422696 464496 28942172    0    0     0   136 39827 127063 26  6 68  0  0 2026-10-03 20:58:02
 7  0 3188136 423252 464496 28944468    0    0     0   472 46166 142087 20  8 72  0  0 2026-10-03 20:58:03
procs -----------memory---------- ---swap-- -----io---- -system-- ------cpu----- -----timestamp-----
 r  b   swpd   free   buff  cache   si   so    bi    bo   in   cs us sy id wa st                CEST
 7  0 3188136 412096 464528 28945976    0    0     0   984 45726 135943 20  7 72  0  0 2026-10-03 20:58:04
 3  1 3188136 418380 464528 28947964    0    0     0  6120 27708 96611 10  4 85  1  0 2026-10-03 20:58:05
 5  0 3188136 984820 464528 28375120    0    0     0  3360 31363 98897 19  9 70  1  0 2026-10-03 20:58:06
 9  0 3188136 2799932 464692 26584216    0    0   176   376 25398 81951 13  7 80  0  0 2026-10-03 20:58:07
 3  0 3188136 2801696 464692 26586548    0    0     0    52 28169 87466 14  4 82  0  0 2026-10-03 20:58:08
 2  0 3188136 2803312 464712 26587844    0    0     0  3812 17816 58230 13  4 83  0  0 2026-10-03 20:58:09
13  0 3188136 2801560 464720 26589672    0    0     0    96 19225 62970 13  8 79  0  0 2026-10-03 20:58:10
 1  0 3188136 2792100 464736 26591668    0    0     0    68 15831 52766 11  3 85  0  0 2026-10-03 20:58:11
 4  1 3188136 2769516 464740 26593120    0    0     0   440 16717 55434 10  3 87  0  0 2026-10-03 20:58:12
 6  0 3188136 2754404 464756 26594476    0    0     0   728 22809 68712 18  8 74  0  0 2026-10-03 20:58:13
 6  1 3188136 2762692 464832 26596548    0    0     0 1235580 24454 75120 18  7 74  1  0 2026-10-03 20:58:14
 5  1 3188136 2755580 465112 26610040    0    0   300 25876 23239 75611 12  6 80  2  0 2026-10-03 20:58:15
13  0 3188136 2695468 465268 26613724    0    0     0  9488 20557 68350 12  6 81  1  0 2026-10-03 20:58:16
 5  1 3188136 2732720 465900 26616448    0    0   752 13920 21519 67807 13  5 79  3  0 2026-10-03 20:58:17
 9  0 3188136 2690036 466116 26622252    0    0     0 11352 28595 84460 15  5 77  2  0 2026-10-03 20:58:18
27  0 3188136 2606508 466236 26651940    0    0 19048  3536 32964 94230 26 14 59  1  0 2026-10-03 20:58:19
19  0 3188136 2518768 466328 26756328   48    0 41384 91244 29012 92493 22 28 47  3  0 2026-10-03 20:58:20
35  0 3188136 2539248 466516 26762544    0    0     0  9460 32015 94821 33 13 52  2  0 2026-10-03 20:58:21
 8  0 3188136 2536296 466516 26772576    0    0     0    16 20362 63799 16  5 78  0  0 2026-10-03 20:58:22
 9  0 3188136 2532040 466516 26778984    4    0     4    52 20044 61640 20  6 75  0  0 2026-10-03 20:58:26
 6  0 3188136 2538560 466548 26785188    0    0     0   864 17759 57462 13  4 83  0  0 2026-10-03 20:58:27
procs -----------memory---------- ---swap-- -----io---- -system-- ------cpu----- -----timestamp-----
 r  b   swpd   free   buff  cache   si   so    bi    bo   in   cs us sy id wa st                CEST
10  1 3188136 2511556 466552 26791116    4    0     4 21012 19932 63613 17  6 78  0  0 2026-10-03 20:58:28
10  0 3188136 2480304 466996 26838348    0    0     0  1968 29308 85046 16  7 76  1  0 2026-10-03 20:58:29
 5  0 3188136 2422604 467336 26855964    0    0   248  3020 37346 109258 24 12 63  0  0 2026-10-03 20:58:30
20  0 3188136 2357240 467376 26966380    0    0   104 14304 36913 108182 32 13 55  1  0 2026-10-03 20:58:31
 9  0 3188136 2278884 467380 27044180    0    0     0 229628 24598 77319 25 15 60  0  0 2026-10-03 20:58:32
 9  0 3188136 2281072 467396 27046096    0    0     4 18144 16421 52883 10  5 85  0  0 2026-10-03 20:58:33
 5  0 3188136 2287656 467436 27048080    0    0     0  1048 19894 62951 14  6 80  0  0 2026-10-03 20:58:34
 7  0 3188136 2277820 467448 27050204    0    0     0   340 18331 57634 15  6 79  0  0 2026-10-03 20:58:35
 2  0 3188136 2291800 467448 27052008    0    0    28    20 13548 46906  8  3 89  0  0 2026-10-03 20:58:36
 3  0 3188136 2297428 467456 27053780    0    0     0    32 17844 54933 15  5 80  0  0 2026-10-03 20:58:37
 6  0 3188136 2274552 467456 27055296    0    0     0    28 15615 53379  9  4 88  0  0 2026-10-03 20:58:38
 4  0 3188136 2263184 467456 27057756    0    0     0   176 17299 56823 13  4 83  0  0 2026-10-03 20:58:39
 1  0 3188136 2280672 467468 27059500    0    0     0   384 17033 53469 14  5 81  0  0 2026-10-03 20:58:40
 7  0 3188136 2258440 467468 27061292    0    0     0   208 16129 51665 12  5 83  0  0 2026-10-03 20:58:41
 5  0 3188136 2256404 467468 27070320    0    0   200     8 17272 53516 19  7 74  0  0 2026-10-03 20:58:42
11  0 3188136 2261076 467476 27072260    0    0     0    72 16489 54226 15  4 81  0  0 2026-10-03 20:58:43
 2  0 3188136 2276064 467484 27067064    0    0     0   380 18536 58933 17  8 75  0  0 2026-10-03 20:58:44
 2  1 3188136 2271072 467484 27068432   16    0    16    44 16466 55792 16  7 77  0  0 2026-10-03 20:58:45
 7  0 3188136 2231492 467592 27070324    0    0   300 121524 31317 99341 17 10 73  0  0 2026-10-03 20:58:46
 7  0 3188136 2184088 467596 27072736    0    0   260    40 17536 57699 16  5 79  0  0 2026-10-03 20:58:47
 5  0 3188136 2107040 467596 27073272    0    0     0    16 15829 53209 14  5 81  0  0 2026-10-03 20:58:48
procs -----------memory---------- ---swap-- -----io---- -system-- ------cpu----- -----timestamp-----
 r  b   swpd   free   buff  cache   si   so    bi    bo   in   cs us sy id wa st                CEST
 7  0 3188136 2262264 467652 27075312    0    0     0  7480 22785 75721 14  5 81  0  0 2026-10-03 20:58:49
 5  0 3188136 2225968 467652 27081668    0    0  1736    92 24780 77391 14  7 79  0  0 2026-10-03 20:58:50
 5  0 3188136 2199460 467652 27094080    0    0  1504    16 16171 51958 12  3 84  0  0 2026-10-03 20:58:51
 5  0 3188136 2158048 467652 27136860    0    0  1548    20 13916 47726 15  4 81  0  0 2026-10-03 20:58:52
 3  0 3188136 2142592 467652 27138644    0    0     0    16 11771 43190  9  3 88  0  0 2026-10-03 20:58:53
 8  0 3188136 2127096 467668 27140344    0    0     0   572 16871 55843 12  5 83  0  0 2026-10-03 20:58:54
 5  0 3188136 2143648 467676 27141964    0    0     0    72 14191 48508 11  3 86  0  0 2026-10-03 20:58:55
 2  0 3188136 2149092 467676 27143572    0    0     0    16 11373 41051  9  2 88  0  0 2026-10-03 20:58:58
 3  0 3188136 2138548 467676 27145572    0    0     0    72 15181 52005 12  5 83  0  0 2026-10-03 20:58:59
 8  0 3188136 2176820 467676 27111120    0    0     0   192 15122 52403 11  5 84  0  0 2026-10-03 20:59:00
 2  1 3188136 2176324 467676 27113120    0    0     0   288 14100 49526 11  3 86  1  0 2026-10-03 20:59:01
 2  0 3188136 2165360 467676 27114744    0    0     0    16 14015 47670 10  3 87  0  0 2026-10-03 20:59:02
15  0 3188136 2150976 467684 27129844    0    0   152    48 14465 47800 13  3 84  0  0 2026-10-03 20:59:03
 4  0 3188136 2155576 467684 27131728    0    0     0    16 12803 45551 10  3 87  0  0 2026-10-03 20:59:04
 3  0 3188136 2157264 467684 27133656   16    0    16    16 15444 51980 13  4 83  0  0 2026-10-03 20:59:05
 4  0 3188136 2143680 467688 27135356    0    0     0   204 16724 56104 13  4 83  0  0 2026-10-03 20:59:06
 3  0 3188136 2169712 467696 27138512    0    0     0    60 14361 48397 11  4 85  0  0 2026-10-03 20:59:07
10  0 3188136 2172912 467696 27140348    0    0     0    60 13507 46277 10  3 88  0  0 2026-10-03 20:59:08
 4  0 3188136 2182920 467696 27123588    0    0     0    52 14463 49981 11  3 85  0  0 2026-10-03 20:59:09
 4  0 3188136 2193656 467696 27125772    0    0     0    16 11805 42252  9  1 90  0  0 2026-10-03 20:59:10
 4  0 3188136 2189696 467696 27127280    0    0     0    20 14971 50261 10  4 86  0  0 2026-10-03 20:59:11
procs -----------memory---------- ---swap-- -----io---- -system-- ------cpu----- -----timestamp-----
 r  b   swpd   free   buff  cache   si   so    bi    bo   in   cs us sy id wa st                CEST
 7  0 3188136 2185712 467704 27128980    0    0     0  1768 30628 97003 12  4 83  0  0 2026-10-03 20:59:12
 9  0 3188136 2164516 467716 27136700    0    0  1108    64 42884 135259 17  7 76  0  0 2026-10-03 20:59:13
 9  0 3188136 2179972 467716 27138636    0    0     0    72 31836 102655 11  5 84  0  0 2026-10-03 20:59:14
 5  0 3188136 2169480 467716 27133192    0    0     0    16 14720 50861 14  4 82  0  0 2026-10-03 20:59:15
 2  0 3188136 2186468 467716 27135188    0    0     0    20 15409 51600 11  4 85  0  0 2026-10-03 20:59:16
 7  0 3188136 2175608 467724 27136712   16    0    16   408 16146 54359 11  4 85  0  0 2026-10-03 20:59:17
 3  0 3188136 2185968 467736 27138620    0    0     0    16 15517 52730 10  4 86  0  0 2026-10-03 20:59:18
12  0 3188136 2171064 467744 27137100    0    0     0    60 12001 42528  9  3 89  0  0 2026-10-03 20:59:19
 5  0 3188136 2188352 467760 27138784   12    0    12   452 15559 52557 12  4 84  0  0 2026-10-03 20:59:20
 6  0 3188136 2171376 467760 27140588    0    0     0    16 16493 55601 12  5 83  0  0 2026-10-03 20:59:21
 7  0 3188136 2173300 467764 27142356    0    0     0 65972 12840 45033 10  3 88  0  0 2026-10-03 20:59:22
 4  0 3188136 2170296 467768 27151816    0    0     4    16 12350 42573 12  3 85  0  0 2026-10-03 20:59:23
 2  0 3188136 2166580 467776 27153748    8    0     8    64 12239 43693  9  2 89  0  0 2026-10-03 20:59:24
 8  0 3188136 2158392 467788 27155560    0    0     0   512 13245 46757 10  3 88  0  0 2026-10-03 20:59:25
 5  0 3188136 2177324 467788 27156900    0    0     0    16 14280 49345 12  5 84  0  0 2026-10-03 20:59:26
 5  0 3188136 2163312 467796 27158904    0    0     0   148 14970 51600 11  4 85  0  0 2026-10-03 20:59:27
 3  0 3188136 2177516 467796 27160900    0    0     0    16 14521 49696 11  4 85  0  0 2026-10-03 20:59:31
 2  0 3188136 2182392 467796 27154956    0    0     0    16 11397 40777  8  2 90  0  0 2026-10-03 20:59:32
 6  0 3188136 2174912 467796 27156504    0    0     0    20 16154 54199 12  4 84  0  0 2026-10-03 20:59:33
 2  0 3188136 2179012 467796 27157956    0    0     0    16 16301 55539 13  6 82  0  0 2026-10-03 20:59:34
 5  0 3188136 2156152 467804 27169328    0    0     0   248 12814 44290 10  3 87  0  0 2026-10-03 20:59:35
procs -----------memory---------- ---swap-- -----io---- -system-- ------cpu----- -----timestamp-----
 r  b   swpd   free   buff  cache   si   so    bi    bo   in   cs us sy id wa st                CEST
 5  1 3188136 2147256 467896 27170884    0    0     0 60208 23335 76803 13  4 83  0  0 2026-10-03 20:59:36
20  0 3188136 4805488 468172 26934408    0    0     0  5388 33077 101535 26 18 56  1  0 2026-10-03 20:59:37
11  2 3188136 4928124 468188 26937060    0    0     4  2652 31186 97761 22 13 64  0  0 2026-10-03 20:59:38
 6  0 3188136 5247096 468308 26745924    0    0   552  5220 36778 115300 20  7 73  0  0 2026-10-03 20:59:39
15  0 3188136 6352084 468396 25652316    8    0     8  2876 30230 89537 24 10 65  1  0 2026-10-03 20:59:40
16  0 3188136 6325072 468548 25653584    0    0    96 59692 36962 110568 28 10 62  0  0 2026-10-03 20:59:41
 3  0 3188136 6271204 468584 25719036    0    0     4  1548 33646 105544 23  8 69  0  0 2026-10-03 20:59:42
 3  0 3188136 6124708 468584 25862100    0    0     0    16 11365 40624 10  5 85  0  0 2026-10-03 20:59:43
 4  0 3188136 6054356 468608 25919068    0    0     4 260152 14629 49237 10  4 86  0  0 2026-10-03 20:59:44
 2  0 3188136 6397556 468632 25921032    0    0     0   492 13425 47751  9  5 86  0  0 2026-10-03 20:59:45
 3  0 3188136 6414992 468632 25922952    0    0     0   324 11918 42555  9  2 89  0  0 2026-10-03 20:59:46
10  0 3188136 6415080 468632 25928268    0    0   128   248 16529 52361 12  3 85  0  0 2026-10-03 20:59:47
 6  0 3188136 6396568 468632 25930132    0    0   404   220 19338 58275 13  4 82  0  0 2026-10-03 20:59:48
 3  0 3188136 6377628 468636 25932660    0    0     4   192 20672 63895 16  4 80  0  0 2026-10-03 20:59:49
 6  0 3188136 6379116 468656 25934060  264    0   280   784 18945 61927 13  5 82  0  0 2026-10-03 20:59:50
 9  0 3188136 6252984 468836 25932268    0    0    16 50848 39398 118427 23 11 66  1  0 2026-10-03 20:59:51
 6  0 3188136 6260632 468960 25934524    0    0   280  2132 22495 68863 19  6 74  0  0 2026-10-03 20:59:52
 9  0 3188136 6115240 468960 25934684    0    0     4    20 14846 51709 20  6 74  0  0 2026-10-03 20:59:53
 7  0 3188136 6003780 468960 25929516    0    0     4    20 14084 47781 21  7 72  0  0 2026-10-03 20:59:54
 7  0 3188136 5813992 469008 25939264    0    0   728   120 19190 63617 22 10 68  0  0 2026-10-03 20:59:55
 7  0 3188136 5611188 469032 26087236    0    0   208    16 15306 54278 16  6 79  0  0 2026-10-03 20:59:56
procs -----------memory---------- ---swap-- -----io---- -system-- ------cpu----- -----timestamp-----
 r  b   swpd   free   buff  cache   si   so    bi    bo   in   cs us sy id wa st                CEST
 5  0 3188136 5699040 469112 25943816    0    0  1104   308 16262 57395 15  7 78  0  0 2026-10-03 20:59:57
 9  0 3188136 5670200 469116 25953696    0    0   292    20 15225 54707 14  6 80  0  0 2026-10-03 20:59:58
 3  0 3188136 5893696 469116 25948020    0    0     0    16 13949 48174 10  5 85  0  0 2026-10-03 20:59:59
 7  0 3188136 5879508 469124 25949728    8    0     8   108 14796 50475 10  3 87  0  0 2026-10-03 21:00:00
 4  0 3188136 5911600 469128 25935868    4    0    28   288 17174 55309 13  3 83  0  0 2026-10-03 21:00:04
 7  0 3188136 5866100 469236 25937208    0    0     0 41176 31830 101344 17  7 76  0  0 2026-10-03 21:00:05
 4  0 3188136 5827816 469300 25940240    0    0   440  1328 17370 58953 14  4 81  0  0 2026-10-03 21:00:06
 6  0 3188136 5797124 469300 25942388   16    0   336  1232 16785 58466 13  4 83  0  0 2026-10-03 21:00:07
 9  0 3188136 5751516 469344 25945020    0    0   216  1080 21216 67145 24  6 70  0  0 2026-10-03 21:00:08
 9  0 3188136 5598236 469388 25947876    0    0     0   608 12518 46628 21  3 76  0  0 2026-10-03 21:00:09
 7  0 3188136 5548184 469412 25949276    0    0   340  1944 11827 42893 21  2 76  0  0 2026-10-03 21:00:10
 7  0 3188136 5523860 469412 25951540    0    0     0    20 10844 38945 21  2 77  0  0 2026-10-03 21:00:11
16  0 3188136 5631496 469444 25952840    0    0     0 14724 32070 99389 28  6 65  0  0 2026-10-03 21:00:12
 4  0 3188136 5685968 469444 25956564    0    0    28    32 18151 59246 23  5 73  0  0 2026-10-03 21:00:13
10  1 3188136 5626880 469540 25958420    0    0     0  6672 21726 69574 24  7 69  0  0 2026-10-03 21:00:14
 5  1 3188136 5610612 469592 25960672    0    0   312   576 29432 91265 26  8 66  0  0 2026-10-03 21:00:15
 7  0 3188136 5592308 469644 25965416    0    0  2136    16 11317 42469 21  4 75  0  0 2026-10-03 21:00:16
10  0 3188136 5560164 469656 25967624    0    0   556    20 13806 48902 23  4 73  0  0 2026-10-03 21:00:17
 6  0 3188136 5509288 469660 25969484    0    0     4    16 15473 51459 20  4 76  0  0 2026-10-03 21:00:18
 5  0 3188136 5462180 469660 25972284    0    0     0    16 13880 53532 16  3 81  0  0 2026-10-03 21:00:19
46  0 3188136 5420024 469660 25974096    0    0     0   184 14761 61160 19  3 78  0  0 2026-10-03 21:00:20
procs -----------memory---------- ---swap-- -----io---- -system-- ------cpu----- -----timestamp-----
 r  b   swpd   free   buff  cache   si   so    bi    bo   in   cs us sy id wa st                CEST
 5  0 3188136 5418520 469660 25976468    0    0     0    16 12834 46274 18  3 79  0  0 2026-10-03 21:00:21
12  0 3188136 5472600 469700 25976956    0    0     0 14556 29926 96652 21  6 73  0  0 2026-10-03 21:00:22
 9  0 3188136 5456796 469700 25979520    0    0     0    16 18495 60557 16  5 79  0  0 2026-10-03 21:00:23
11  0 3188136 5460308 469724 25981036    8    0     8   620 19115 63956 14  4 83  0  0 2026-10-03 21:00:24
 3  0 3188136 5446912 469732 25983556    0    0     0    36 12477 44101 11  3 86  0  0 2026-10-03 21:00:25
 5  0 3188136 5447640 469732 25984988    0    0     0    44 15859 52565 10  4 85  0  0 2026-10-03 21:00:26
 5  0 3188136 5346296 469732 25986820    0    0     0    20 18356 62937 12  5 83  0  0 2026-10-03 21:00:27
 4  0 3188136 5367248 469732 25988368    0    0     0   168 15500 57252 10  4 85  0  0 2026-10-03 21:00:28
 2  0 3188136 5263560 469740 25990984    0    0   112   148 13455 49197 11  3 86  0  0 2026-10-03 21:00:29
 3  0 3188136 5364832 469748 25992444   56    0    56    96 15846 56633 12  4 84  0  0 2026-10-03 21:00:30
 5  0 3188136 5103972 469748 26070116    0    0     8    16 12628 44910 11  3 86  0  0 2026-10-03 21:00:31
 3  0 3188136 5069136 469748 26072028    0    0     0    16 12226 43639 12  3 86  0  0 2026-10-03 21:00:32
 5  0 3188136 4701468 469748 26078656    0    0  5028    20 14785 50213 11  5 84  0  0 2026-10-03 21:00:33
 4  0 3188136 4528608 469756 26087876   12    0  3684   136 17308 56597 11  7 82  0  0 2026-10-03 21:00:36
 4  0 3188136 4502136 469764 26120212    0    0 29960    88 14273 47932 11  5 84  1  0 2026-10-03 21:00:37
 6  0 3188136 4376752 469772 26170308    0    0  9348    44 14600 49801 10  6 84  0  0 2026-10-03 21:00:38
 3  0 3188136 4308528 469780 26176216    0    0  4136 13776 13727 47157 10  5 85  0  0 2026-10-03 21:00:39
 4  0 3188136 5347756 469780 26059412    0    0     0    20 18693 60864 11  7 82  0  0 2026-10-03 21:00:40
 3  0 3188136 5356456 469780 26061540    0    0     0    16 12426 44187 10  2 87  0  0 2026-10-03 21:00:41
 2  0 3188136 5366336 469784 26063352    0    0     0   264 12388 43381  9  2 89  0  0 2026-10-03 21:00:42
 2  0 3188136 5369072 469784 26065156    0    0     0    16 14279 49037  9  3 88  0  0 2026-10-03 21:00:43
procs -----------memory---------- ---swap-- -----io---- -system-- ------cpu----- -----timestamp-----
 r  b   swpd   free   buff  cache   si   so    bi    bo   in   cs us sy id wa st                CEST
 4  0 3188136 5358848 469784 26066824    0    0     0    16 13597 46909  9  2 89  0  0 2026-10-03 21:00:44
 3  0 3188136 5330808 469788 26079248    0    0     4   300 16073 52609 11  3 86  0  0 2026-10-03 21:00:45
 5  0 3188136 5319504 469788 26080708    0    0     0    16 17124 56037 10  3 86  0  0 2026-10-03 21:00:46
 4  0 3188136 5331652 469796 26082684    0    0     0   328 14748 49821  9  2 88  0  0 2026-10-03 21:00:47
 2  0 3188136 5336080 469796 26084768    0    0     0    16 15961 53415 11  3 85  0  0 2026-10-03 21:00:48
 4  0 3188136 5328780 469796 26086476    0    0     0    16 13166 45899  8  2 90  0  0 2026-10-03 21:00:49
 2  0 3188136 5323632 469796 26087984    0    0     0    20 12638 44675  9  2 89  0  0 2026-10-03 21:00:50
 2  0 3188136 5327236 469832 26079612    0    0     0   376 13731 47200 10  3 88  0  0 2026-10-03 21:00:51
 2  0 3188136 5323876 469852 26081548    0    0     0   316 11023 40329  9  2 89  0  0 2026-10-03 21:00:52
 3  1 3188136 5318328 469852 26083180    0    0     0    16 11915 42672  9  2 89  0  0 2026-10-03 21:00:53
 2  0 3188136 5319756 469856 26085068    0    0     0 63564 12870 45315  9  3 88  0  0 2026-10-03 21:00:54
 3  0 3188136 5326184 469868 26086920   16    0    16   600 16471 54811 10  3 86  0  0 2026-10-03 21:00:55
 6  0 3188136 5297896 469868 26088544    0    0     0    16 15950 54035 10  2 87  0  0 2026-10-03 21:00:56
 4  0 3188136 5320308 469872 26090620    0    0     0   128 15206 50551 11  3 87  0  0 2026-10-03 21:00:57
 5  0 3188136 5306272 469872 26091888    0    0     0    92 16310 54018 12  3 84  0  0 2026-10-03 21:00:58
 6  0 3188136 5312388 469872 26094252    0    0     0    16 13597 47077 10  2 88  0  0 2026-10-03 21:00:59
 2  0 3188136 5319044 469880 26095852    0    0     0    68 15694 52604 11  4 86  0  0 2026-10-03 21:01:00
 2  0 3188136 5319444 469880 26097992    0    0     0    16 13162 45332 10  1 88  0  0 2026-10-03 21:01:01
 4  0 3188136 5323088 469888 26099620    0    0     0   128 13857 48102 10  3 86  0  0 2026-10-03 21:01:02
 2  0 3188136 5329896 469888 26101384    0    0     0    36 14345 48789 12  3 85  0  0 2026-10-03 21:01:03
10  0 3188136 5331612 469888 26103276    0    0    64    56 10634 37361 12  2 86  0  0 2026-10-03 21:01:04
procs -----------memory---------- ---swap-- -----io---- -system-- ------cpu----- -----timestamp-----
 r  b   swpd   free   buff  cache   si   so    bi    bo   in   cs us sy id wa st                CEST
 3  0 3188136 5357680 469904 26064052    0    0     0   176 14346 48823 13  4 83  0  0 2026-10-03 21:01:05
 5  0 3188136 5353392 469904 26065604    0    0     0    16 14383 48438 14  3 83  0  0 2026-10-03 21:01:09
 2  0 3188136 5363816 469912 26067928    0    0     0   392 15235 51376 16  3 81  0  0 2026-10-03 21:01:10
 4  0 3188136 5360368 469912 26069468    0    0     0    28 15286 51296 13  2 84  0  0 2026-10-03 21:01:11
11  0 3188136 5361552 469912 26071448    0    0     0    16 13377 46064 15  2 83  0  0 2026-10-03 21:01:12
 7  0 3188136 5343908 469912 26073064    0    0     0  1956 14662 50997 14  3 83  0  0 2026-10-03 21:01:13
 3  1 3188136 5357300 469912 26075268    0    0     0    24 13258 46238 13  2 84  0  0 2026-10-03 21:01:14
11  0 3188136 5356096 469928 26077044    0    0     0   180 12740 44931 14  2 84  0  0 2026-10-03 21:01:15
 6  0 3188136 5349924 469928 26078620    0    0     0    28 13479 47063 12  4 84  0  0 2026-10-03 21:01:16
 2  0 3188136 5355088 469928 26080472    0    0     0    16 12059 42347 11  2 86  0  0 2026-10-03 21:01:17
 2  0 3188136 5357136 469928 26083028    0    0     0    20 15204 51352 13  3 84  0  0 2026-10-03 21:01:18
 2  0 3188136 5360080 469928 26084276    0    0     0    16 15099 50642 14  3 83  0  0 2026-10-03 21:01:19
 7  0 3188136 5355228 469948 26086348    0    0    16   180 16907 55560 14  4 82  0  0 2026-10-03 21:01:20
 5  0 3188136 5343124 469948 26087716    0    0     0    20 13819 46717 14  3 83  0  0 2026-10-03 21:01:21
 3  0 3188136 5342880 469948 26089920    0    0     0    16 13002 45474 13  2 84  0  0 2026-10-03 21:01:22
 4  0 3188136 5353148 469948 26091704    8    0     8    20 13853 46861 12  2 85  0  0 2026-10-03 21:01:23
 4  0 3188136 5347948 469956 26093420    0    0     0   256 13081 45001 13  3 84  0  0 2026-10-03 21:01:24
 8  0 3188136 5350284 469960 26095176    0    0     0   124 12805 43936 15  3 83  0  0 2026-10-03 21:01:25
 5  0 3188136 5574920 469960 26042456    0    0     0    44 13483 47666 13  4 83  0  0 2026-10-03 21:01:26
 1  0 3188136 5760008 469960 26043480    0    0   312    64 14145 54131  9  5 86  0  0 2026-10-03 21:01:27
 3  0 3188136 5750880 469988 26045324   16    0    16 57652 16015 53390 11  4 85  0  0 2026-10-03 21:01:28
procs -----------memory---------- ---swap-- -----io---- -system-- ------cpu----- -----timestamp-----
 r  b   swpd   free   buff  cache   si   so    bi    bo   in   cs us sy id wa st                CEST
 4  0 3188136 5756884 469988 26047044    0    0     0    20 16906 58357 11  3 86  0  0 2026-10-03 21:01:29
 4  0 3188136 5747748 469988 26048800    0    0     0    20 17593 58516 11  4 85  0  0 2026-10-03 21:01:30
 4  0 3188136 5751884 470000 26050732    0    0    16   240 12851 45809 11  2 87  0  0 2026-10-03 21:01:31
 1  0 3188136 5763736 470000 26052388    0    0     0    16 13297 46236  9  2 89  0  0 2026-10-03 21:01:32
 2  0 3188136 5755748 470000 26054128    0    0     0    16 16277 53794 12  4 84  0  0 2026-10-03 21:01:33
 3  0 3188136 5753980 470000 26055664    0    0     0    20 14648 50131 10  2 87  0  0 2026-10-03 21:01:34
 1  0 3188136 5751204 470000 26057404    0    0     0    24 10962 40601  8  1 91  0  0 2026-10-03 21:01:35
 2  0 3188136 5748984 470008 26059164    0    0     0   144 12315 44817  7  3 90  0  0 2026-10-03 21:01:36
 2  0 3188136 5732800 470028 26061504    0    0     0   324 14147 47848  7  4 89  0  0 2026-10-03 21:01:37
 1  0 3188136 5745392 470028 26063272    0    0     0    16 11084 40288  6  2 92  0  0 2026-10-03 21:01:38
 2  0 3188136 5744296 470028 26065040    0    0     0    20 14172 49024  7  3 90  0  0 2026-10-03 21:01:42
 1  0 3188136 5747264 470028 26066384    0    0     0   300 15351 52653  8  3 89  0  0 2026-10-03 21:01:43
 3  0 3188136 5738788 470040 26068500    0    0     0   420 12280 43987  8  2 90  0  0 2026-10-03 21:01:44
 2  0 3188136 5738540 470040 26070236    0    0     0    20 14107 48474  8  3 89  0  0 2026-10-03 21:01:45
 5  0 3188136 5728204 470044 26071972    0    0     0 18524 14132 49136  7  3 90  0  0 2026-10-03 21:01:46
 3  0 3188136 5725104 470052 26073832    0    0     0    72 15711 52352  9  4 87  0  0 2026-10-03 21:01:47
 4  0 3188136 5725996 470052 26075608    0    0     0    16 12134 44011  6  2 92  0  0 2026-10-03 21:01:48
 4  0 3188136 5697824 470064 26077324    0    0     0   248 12379 44553 10  2 88  0  0 2026-10-03 21:01:49
 2  0 3188136 5690572 470064 26079068    0    0     0    20 14097 48926 10  3 87  0  0 2026-10-03 21:01:50
 4  0 3188136 5662664 470064 26080808    0    0     0    16 13859 47728  9  2 89  0  0 2026-10-03 21:01:51
 6  0 3188136 5635916 470064 26083704    0    0     0    20 14275 49215 10  3 87  0  0 2026-10-03 21:01:52
procs -----------memory---------- ---swap-- -----io---- -system-- ------cpu----- -----timestamp-----
 r  b   swpd   free   buff  cache   si   so    bi    bo   in   cs us sy id wa st                CEST
 3  0 3188136 5723736 470064 26085164    0    0     0    16 16151 54441 11  4 85  0  0 2026-10-03 21:01:53
 4  0 3188136 5724892 470080 26087220    0    0     8   160 13013 46013  7  2 91  0  0 2026-10-03 21:01:54
 3  0 3188136 5723844 470088 26089156    0    0     0    64 13936 48185  7  3 90  0  0 2026-10-03 21:01:55
 3  0 3188136 5728736 470088 26090948    0    0     0    16 14044 48549  9  3 88  0  0 2026-10-03 21:01:56
 1  0 3188136 5720120 470088 26092756   16    0    16    44 12706 44757  8  3 89  0  0 2026-10-03 21:01:57
 1  0 3188136 5713628 470088 26094360    0    0     0    28 13009 46018  7  3 91  0  0 2026-10-03 21:01:58
 1  0 3188136 5713128 470092 26096140    0    0     0   188 10862 39190  6  3 91  0  0 2026-10-03 21:01:59
 1  0 3188136 5707804 470092 26098268    0    0     0    20 12234 42489  7  2 91  0  0 2026-10-03 21:02:00
 3  0 3188136 5704680 470092 26099832    0    0     0    16 12911 45234  6  2 91  0  0 2026-10-03 21:02:01
 3  0 3188136 5706652 470100 26101752    0    0     0 38916 17601 58028  9  4 87  0  0 2026-10-03 21:02:02
 5  0 3188136 5696316 470100 26103692    8    0     8    20 13793 48318  7  2 91  0  0 2026-10-03 21:02:03
 2  0 3188136 5705916 470120 26105400    0    0     8   328 13678 47198  7  3 89  0  0 2026-10-03 21:02:04
 2  0 3188136 5704860 470120 26107084    0    0     0    16 17168 57214 11  4 85  0  0 2026-10-03 21:02:05
 4  0 3188136 5676648 470120 26108520    0    0     0    20 12557 44824  6  2 91  0  0 2026-10-03 21:02:06
 2  0 3188136 5684332 470120 26110772    0    0     0    16 15798 52680  9  3 87  0  0 2026-10-03 21:02:07
 2  0 3188136 5691536 470120 26112280    0    0     0    20 15890 53152 11  3 86  0  0 2026-10-03 21:02:08
 2  0 3188136 5687764 470124 26114476    0    0     0   124 11347 40625  7  2 90  0  0 2026-10-03 21:02:09
 2  0 3188136 5686004 470124 26116060    0    0     0    16 12449 44184  7  3 90  0  0 2026-10-03 21:02:10
 6  0 3188136 5676216 470124 26117480    0    0     0    28 12539 44365  6  2 92  0  0 2026-10-03 21:02:11
15  0 3188136 5650956 470220 26119264    0    0    16 20832 42037 131834 17  6 77  0  0 2026-10-03 21:02:14
 5  0 3188136 5663748 470244 26121288    0    0     0  1180 16831 57141  8  3 89  0  0 2026-10-03 21:02:16
procs -----------memory---------- ---swap-- -----io---- -system-- ------cpu----- -----timestamp-----
 r  b   swpd   free   buff  cache   si   so    bi    bo   in   cs us sy id wa st                CEST
 2  0 3188136 5654840 470244 26123292    0    0     4   128 13573 47897 10  2 88  0  0 2026-10-03 21:02:16
 3  0 3188136 5634632 470244 26125376    0    0     8   776 15008 53246  9  3 88  0  0 2026-10-03 21:02:18
 2  0 3188136 5606832 470244 26127060    0    0     0    20 13209 46608  9  2 89  0  0 2026-10-03 21:02:19
 4  0 3188136 5589828 470244 26129080    0    0     0    16 14717 50510  9  3 88  0  0 2026-10-03 21:02:20
 3  0 3188136 5567024 470244 26131024    0    0     0    16 15700 55810 11  3 85  0  0 2026-10-03 21:02:21
 8  0 3188136 5563460 470260 26133264    0    0     0   216 12151 43078 10  2 88  0  0 2026-10-03 21:02:22
 6  0 3188136 5533548 470260 26134512    0    0     0    16 14322 52700 17  4 79  0  0 2026-10-03 21:02:23
 2  0 3188136 5540516 470260 26136160    0    0     0    20 13017 45394 11  2 87  0  0 2026-10-03 21:02:24
 3  0 3188136 5524252 470288 26138144    0    0     0   328 15276 52484 11  4 85  0  0 2026-10-03 21:02:25
 4  0 3188136 5498904 470288 26141160    0    0     0    48 14598 50051 11  3 86  0  0 2026-10-03 21:02:26
 9  0 3188136 5421192 470288 26143728    0    0     0   124 16970 63929  8  4 88  0  0 2026-10-03 21:02:27
10  0 3188136 5365844 470300 26145544   16    0    20   532 13889 48809  9  3 88  0  0 2026-10-03 21:02:28
 3  0 3188136 5318936 470300 26147596    0    0     0    20 13611 50429  8  4 88  0  0 2026-10-03 21:02:29
 3  0 3188136 5136480 470300 26224952    0    0     0 18524 15836 56150 10  4 85  0  0 2026-10-03 21:02:30
 3  0 3188136 5090636 470300 26226844    0    0     0    16 11839 42470  9  3 89  0  0 2026-10-03 21:02:31
 3  0 3188136 5074868 470300 26228672    0    0     0    20 13754 47622 11  3 86  0  0 2026-10-03 21:02:32
 2  0 3188136 4571652 470316 26230344    0    0     0   304 12463 44064  7  5 89  0  0 2026-10-03 21:02:33
 6  0 3188136 4546016 470316 26236468    0    0     0    20 11530 40817  6  5 89  0  0 2026-10-03 21:02:34
11  0 3188136 4392000 470316 26276840    0    0     0   200 15468 52635  8  6 86  0  0 2026-10-03 21:02:35
11  0 3188136 4339772 470316 26278964    0    0     0    16 17145 56574  9  6 85  0  0 2026-10-03 21:02:36
 2  0 3188136 4291332 470316 26280516    0    0     0    68 14193 48973  9  3 87  0  0 2026-10-03 21:02:37
procs -----------memory---------- ---swap-- -----io---- -system-- ------cpu----- -----timestamp-----
 r  b   swpd   free   buff  cache   si   so    bi    bo   in   cs us sy id wa st                CEST
 3  0 3188136 4276468 470324 26282228    0    0     8   148 15072 51806 10  4 86  0  0 2026-10-03 21:02:38
 4  0 3188136 4285572 470324 26283984    4    0     4    60 16779 56056 12  4 84  0  0 2026-10-03 21:02:39
 7  0 3188136 4287396 470324 26286340    0    0     0    64 14724 50497 12  3 85  0  0 2026-10-03 21:02:40
 5  0 3188136 4262244 470324 26287696    0    0     0    56 17357 57646 11  4 84  0  0 2026-10-03 21:02:41
 6  0 3188136 4293524 470324 26289968    0    0     0    28 14614 49672 12  4 85  0  0 2026-10-03 21:02:42
13  0 3188136 4295780 470328 26291548    0    0     0   208 14759 50709 11  4 85  0  0 2026-10-03 21:02:43
 7  0 3188136 4252348 470436 26293628    0    0     0 37668 35949 114333 17  8 74  0  0 2026-10-03 21:02:44
10  0 3188136 4235496 470452 26295564    0    0     0  1268 20106 65719 14  4 82  0  0 2026-10-03 21:02:47
 3  0 3188136 4237580 470452 26297572    0    0     0    40 15988 54374 13  6 81  0  0 2026-10-03 21:02:48
 3  0 3188136 4224420 470452 26299228    0    0     0    32 15930 53453 14  6 80  0  0 2026-10-03 21:02:49
 4  0 3188136 4215656 470460 26301400    0    0     8   196 13438 46264 12  3 84  0  0 2026-10-03 21:02:50
 5  0 3188136 4200648 470460 26303384    0    0     0   156 15664 52296 15  4 81  0  0 2026-10-03 21:02:51
 6  0 3188136 4187156 470468 26305144   16    0    16   156 14346 50538 14  4 82  0  0 2026-10-03 21:02:52
 5  0 3188136 4174516 470468 26307088    0    0     0    60 15240 51810 13  6 81  0  0 2026-10-03 21:02:53
 9  1 3188136 4127372 470576 26309040    0    0     0 17016 30894 97513 18  7 75  0  0 2026-10-03 21:02:54
 5  0 3188136 3936932 470608 26314048    0    0  2436   224 20674 65642 18  6 75  0  0 2026-10-03 21:02:55
 5  0 3188136 3809884 470748 26359472    0    0  1016  1156 19741 62267 18  6 76  0  0 2026-10-03 21:02:56
 5  0 3188136 3983188 470756 26360832    0    0     0   200 16763 56840 14  4 81  0  0 2026-10-03 21:02:57
 5  0 3188136 3972232 470756 26363012    4    0     4   228 16824 56843 12  4 83  0  0 2026-10-03 21:02:58
 7  0 3188136 3964500 470756 26365208    0    0     0   416 17580 58030 13  4 83  0  0 2026-10-03 21:02:59
10  0 3188136 3978812 470820 26366804    0    0     8 54480 23965 75516 15  5 80  0  0 2026-10-03 21:03:00
procs -----------memory---------- ---swap-- -----io---- -system-- ------cpu----- -----timestamp-----
 r  b   swpd   free   buff  cache   si   so    bi    bo   in   cs us sy id wa st                CEST
 4  0 3188136 3972736 470820 26368448    0    0   128   120 24868 80224 16  5 79  0  0 2026-10-03 21:03:01
 4  0 3188136 3971620 470820 26359556    0    0     0  1132 14913 50469 11  3 87  0  0 2026-10-03 21:03:02
 6  0 3188136 3986176 470828 26350076    0    0     0   136 16245 55547 10  3 87  0  0 2026-10-03 21:03:03
 4  0 3188136 3973172 470828 26352164   16    0    16   104 14194 48350 12  3 85  0  0 2026-10-03 21:03:04
 5  0 3188136 3954656 470840 26353692    4    0     4   456 13138 46470 10  3 87  0  0 2026-10-03 21:03:05
 6  0 3188136 3969616 470840 26357668    0    0     0    20 14599 48774 11  3 86  0  0 2026-10-03 21:03:06
 5  0 3188136 3959492 470840 26357432    0    0     0    64 14943 51234 10  3 87  0  0 2026-10-03 21:03:07
 3  0 3188136 3989344 470840 26359280    0    0     0    52 18609 60629 11  4 85  0  0 2026-10-03 21:03:08
 7  0 3188136 3970352 470872 26361140    0    0     0   424 16116 53035 10  4 86  0  0 2026-10-03 21:03:09
 4  0 3188136 3967048 470884 26362892    0    0     8   436 15153 50992 11  4 84  0  0 2026-10-03 21:03:10
 5  0 3188136 3977016 470884 26364996    0    0     0    52 19061 60481 12  5 83  0  0 2026-10-03 21:03:11
 9  0 3188136 3960376 470884 26366800    0    0     0    32 16674 53982 11  3 86  0  0 2026-10-03 21:03:12
 4  0 3188136 3974000 470884 26368548    0    0     0    68 15836 52229 11  2 87  0  0 2026-10-03 21:03:13
 2  0 3188136 3966436 470884 26370376    0    0     0    56 15555 53014 11  3 86  0  0 2026-10-03 21:03:14
 6  0 3188136 3937784 470892 26372296    0    0     0   204 14018 47968 10  3 87  0  0 2026-10-03 21:03:15
 2  0 3188136 3948692 470892 26374360    0    0     0   220 14363 48668 12  4 85  0  0 2026-10-03 21:03:16
 4  0 3188136 3944604 470892 26376496    0    0     0    48 14673 49074 10  3 87  0  0 2026-10-03 21:03:20
 4  0 3188136 3944560 470892 26378164    4    0     4   264 16259 53872 11  4 85  0  0 2026-10-03 21:03:21
 4  0 3188136 3952740 470892 26379728    0    0     0    56 15546 51649 12  3 85  0  0 2026-10-03 21:03:22
 4  0 3188136 3944508 470896 26381476    0    0     0   192 15990 53258 11  3 86  0  0 2026-10-03 21:03:23
 6  0 3188136 3905748 471264 26387712    0    0  5104   912 18054 59117 14  6 80  0  0 2026-10-03 21:03:24
procs -----------memory---------- ---swap-- -----io---- -system-- ------cpu----- -----timestamp-----
 r  b   swpd   free   buff  cache   si   so    bi    bo   in   cs us sy id wa st                CEST
 5  0 3188136 3787696 471272 26387904   16    0    56    92 17635 56154 16  5 79  0  0 2026-10-03 21:03:25
13  0 3188136 3696020 471272 26389432    0    0     4    84 19254 62089 15  6 78  0  0 2026-10-03 21:03:26
 6  0 3188136 3661172 471272 26391492    0    0    68   284 20312 60529 19  6 75  0  0 2026-10-03 21:03:27
