procs -----------memory---------- ---swap-- -----io---- -system-- ------cpu----- -----timestamp-----
 r  b   swpd   free   buff  cache   si   so    bi    bo   in   cs us sy id wa st                CEST
11  0 2550464 844800 608772 20759316    0    0    12    49    4    4  6  2 92  0  0 2026-10-03 19:31:39
 9  0 2550464 837296 608772 20760848    0    0     0    16 18122 53727 18  4 78  0  0 2026-10-03 19:31:43
 7  0 2550464 836244 608780 20762988    0    0     0   456 14766 47051 12  3 86  0  0 2026-10-03 19:31:44
 6  0 2550464 838360 608780 20764884    0    0     0   536 15487 48836 15  2 83  0  0 2026-10-03 19:31:45
 7  0 2550464 829940 608788 20766440    0    0     0   152 13742 46996 11  2 87  0  0 2026-10-03 19:31:46
 2  0 2550464 829812 608788 20768488    0    0     0    16 13864 47091 11  2 87  0  0 2026-10-03 19:31:47
 6  0 2550464 833408 608788 20770036    0    0     0   180 17007 53951 14  3 83  0  0 2026-10-03 19:31:48
14  0 2550464 816452 608800 20772044    0    0     0 10604 14592 47267 24  3 72  1  0 2026-10-03 19:31:49
 7  0 2550464 813208 608800 20773532    0    0     0   440 15703 51814 18  4 78  0  0 2026-10-03 19:31:50
13  0 2550464 805632 608800 20775380    0    0     0    88 13002 43833 19  3 79  0  0 2026-10-03 19:31:51
12  0 2550464 803936 608800 20777560    0    0     0    20 16476 53690 18  4 78  0  0 2026-10-03 19:31:52
 6  0 2550464 803372 608808 20779300  140    0   140   252 16388 54008 13  4 83  0  0 2026-10-03 19:31:53
 6  0 2550464 821208 608816 20781148   12    0    12    72 17219 53119 20  3 77  0  0 2026-10-03 19:31:54
 8  0 2550464 817432 608816 20782672    0    0     0    16 15835 51364 15  2 83  0  0 2026-10-03 19:31:55
 9  0 2550464 825664 608816 20785224    0    0     0   484 17763 56177 16  4 80  0  0 2026-10-03 19:31:56
 2  0 2550464 825500 608816 20786976    0    0     0    28 11315 40611 10  2 88  0  0 2026-10-03 19:31:57
 6  0 2550464 820536 608824 20788744    0    0     0   144 14202 48982 13  2 85  0  0 2026-10-03 19:31:58
 8  0 2550464 813860 608824 20790440    0    0     0    28 16413 53840 17  2 80  0  0 2026-10-03 19:31:59
 4  0 2550464 818120 608832 20792436    0    0     0    52 14160 48610 14  2 84  0  0 2026-10-03 19:32:00
 2  1 2550464 819456 608832 20794360    0    0     0   744 13027 44136 17  2 80  0  0 2026-10-03 19:32:01
 8  0 2550464 804920 608832 20796184    0    0     0    20 17006 54368 17  3 80  0  0 2026-10-03 19:32:02
procs -----------memory---------- ---swap-- -----io---- -system-- ------cpu----- -----timestamp-----
 r  b   swpd   free   buff  cache   si   so    bi    bo   in   cs us sy id wa st                CEST
 3  0 2550464 809660 608848 20798056   68    0    68   220 16360 53177 14  3 83  0  0 2026-10-03 19:32:03
 6  0 2550464 810988 608848 20799564    0    0     0    20 16155 51850 16  3 82  0  0 2026-10-03 19:32:04
 5  0 2550464 812712 608848 20801440    8    0     8 47088 13281 46759 12  2 86  0  0 2026-10-03 19:32:05
 7  0 2550464 799788 608856 20803016    0    0     0   228 20097 62452 17  4 79  0  0 2026-10-03 19:32:06
 5  0 2550464 790716 608856 20807000    0    0     0   132 19725 59175 24  3 73  0  0 2026-10-03 19:32:07
 6  0 2550464 774676 608860 20808724   16    0    16   232 16925 53967 17  3 80  0  0 2026-10-03 19:32:08
 8  0 2550464 764952 608860 20810344    0    0     0    16 15768 51927 15  3 82  0  0 2026-10-03 19:32:09
 3  0 2550464 779408 608860 20812316    0    0     0    20 16868 54533 16  2 82  0  0 2026-10-03 19:32:10
 7  0 2550464 730832 608860 20814280    0    0     0    72 14824 51982 14  3 83  0  0 2026-10-03 19:32:11
11  0 2550464 726388 608868 20816036    0    0     0   176 18633 54408 25  2 73  0  0 2026-10-03 19:32:12
 7  0 2550464 736852 608876 20817976  148    0   148   212 20403 58333 27  4 69  0  0 2026-10-03 19:32:15
 9  0 2550464 720500 608876 20819712    0    0     0    16 15706 54307 16  4 80  0  0 2026-10-03 19:32:16
 3  0 2550464 726600 608876 20821456    0    0     0   112 16373 51799 20  3 76  0  0 2026-10-03 19:32:17
 4  0 2550464 721860 608876 20823100    8    0     8    52 15478 53142 14  3 83  0  0 2026-10-03 19:32:18
 7  0 2550464 759440 608884 20825504    0    0     0   600 16438 52532 17  3 80  0  0 2026-10-03 19:32:19
10  0 2550464 760232 608884 20827020    0    0     0   216 16847 52567 21  4 75  0  0 2026-10-03 19:32:20
17  0 2550464 728308 608884 20828860    0    0     0    16 13595 47568 11  2 86  0  0 2026-10-03 19:32:21
 5  0 2550464 705068 608884 20830628    0    0     0 17660 20125 61584 23  4 73  0  0 2026-10-03 19:32:22
 4  0 2550464 703108 608884 20832452    0    0     0    16 18564 61221 18  4 79  0  0 2026-10-03 19:32:23
 6  0 2550464 691368 608892 20834404    0    0     0   376 17733 56959 20  3 77  0  0 2026-10-03 19:32:24
 6  0 2550464 688176 608904 20835736  112    0   112   492 19015 58589 19  4 76  0  0 2026-10-03 19:32:25
procs -----------memory---------- ---swap-- -----io---- -system-- ------cpu----- -----timestamp-----
 r  b   swpd   free   buff  cache   si   so    bi    bo   in   cs us sy id wa st                CEST
 6  0 2550464 741076 608912 20838368    0    0     0   212 14875 50958 12  3 85  0  0 2026-10-03 19:32:26
 2  0 2550464 740556 608912 20839984   20    0    20   100 16662 52759 21  3 76  0  0 2026-10-03 19:32:27
 7  0 2550464 744672 608916 20842096    0    0     0   320 15161 51000 12  4 84  0  0 2026-10-03 19:32:28
 7  0 2550464 744508 608916 20843948    0    0     0   104 16102 51571 17  3 79  0  0 2026-10-03 19:32:29
 2  0 2550464 739292 608916 20845872    0    0     0    20 14246 45756 18  3 79  0  0 2026-10-03 19:32:30
 8  0 2550464 723464 608916 20847648    0    0     0    16 14081 46233 13  3 84  0  0 2026-10-03 19:32:31
 2  0 2550464 736368 608924 20849448    0    0     0   208 17965 56183 20  3 76  0  0 2026-10-03 19:32:32
 6  0 2446016 4792112 608928 20850692   28    0    28   424 12989 45532 10  4 86  0  0 2026-10-03 19:32:33
 2  0 2403520 5652316 608928 20853056    4    0     4    52 16514 52787 15  3 82  0  0 2026-10-03 19:32:34
12  0 2403520 5638548 608928 20854560    0    0     0    20 16764 53677 16  5 79  0  0 2026-10-03 19:32:35
12  0 2403520 5614708 609012 20855548    0    0     0 38892 31954 98372 24  9 67  0  0 2026-10-03 19:32:36
33  0 2403520 5625892 609048 20858368    0    0     0  3128 18615 59804 23  6 71  0  0 2026-10-03 19:32:37
15  0 2403520 5601600 609112 20859944    0    0     0  3700 31883 100262 23 16 61  0  0 2026-10-03 19:32:38
 9  0 2403520 5574228 609136 20862848    0    0  1144   768 29165 92810 23 10 67  0  0 2026-10-03 19:32:39
 6  0 2403520 5563260 609140 20874736   16    0 10532    20 15537 50157 23  6 71  0  0 2026-10-03 19:32:40
12  0 2403520 5362324 609252 20890796    0    0  7840  1452 18288 56424 19  8 73  0  0 2026-10-03 19:32:41
16  0 2403520 5399488 609252 20902128    0    0  1288    16 15877 51333 23  6 71  0  0 2026-10-03 19:32:42
13  0 2403520 5410864 609252 20904176  168    0   168    52 15221 48550 29  4 67  0  0 2026-10-03 19:32:43
 7  0 2403520 5422468 609260 20906052    0    0     0    72 12535 41331 23  3 74  0  0 2026-10-03 19:32:44
 5  0 2403520 5412664 609260 20907760    0    0     0   132 13349 45285 16  3 81  0  0 2026-10-03 19:32:48
 6  0 2403520 5395984 609260 20909236    0    0     0   316 17425 54231 23  4 72  0  0 2026-10-03 19:32:49
procs -----------memory---------- ---swap-- -----io---- -system-- ------cpu----- -----timestamp-----
 r  b   swpd   free   buff  cache   si   so    bi    bo   in   cs us sy id wa st                CEST
 5  0 2403520 5371012 609260 20915044    0    0     0    16 12906 42156 23  2 74  0  0 2026-10-03 19:32:50
18  0 2403520 5350892 609260 20916472    0    0     0    16 18353 56149 24  5 71  0  0 2026-10-03 19:32:51
 4  0 2403520 5361068 609260 20919296    0    0     0   132 15061 48061 24  4 72  0  0 2026-10-03 19:32:52
 3  0 2403520 5360804 609260 20921228    0    0     0    24 11892 40719 16  2 81  0  0 2026-10-03 19:32:53
 4  0 2403520 5357572 609272 20922520    0    0     0   336 16254 52613 18  3 79  0  0 2026-10-03 19:32:54
 6  0 2403520 5357064 609272 20924780    0    0     0    56 11391 40116 16  2 82  0  0 2026-10-03 19:32:55
 5  0 2403520 5358472 609272 20926372    0    0     0 24812 15335 49955 20  4 76  0  0 2026-10-03 19:32:56
 5  0 2403520 5368732 609272 20927752    0    0     0    76 18024 56461 24  7 69  0  0 2026-10-03 19:32:57
 9  0 2403520 5363380 609272 20931296    0    0     0    40 18394 56713 26  4 69  0  0 2026-10-03 19:32:58
16  0 2403520 5344120 609280 20934056    0    0     0   352 16404 51946 22  5 73  0  0 2026-10-03 19:32:59
 7  0 2403520 5350808 609288 20937204    0    0     0   168 13545 43809 26  3 71  0  0 2026-10-03 19:33:00
11  0 2403520 5224948 609316 21035612    0    0     4 127252 13560 45623 16  4 80  0  0 2026-10-03 19:33:01
 7  0 2403520 5237088 609316 21037136    0    0     0    16 16246 52257 19  5 76  0  0 2026-10-03 19:33:02
 4  0 2403520 5247144 609316 21039200    0    0     0   104 12708 42531 18  3 79  0  0 2026-10-03 19:33:03
14  0 2403520 5228556 609316 21038312    0    0     0    16 14822 48056 20  4 76  0  0 2026-10-03 19:33:04
 9  0 2403520 5208336 609324 21040536   16    0    16    56 16160 51602 31  6 63  0  0 2026-10-03 19:33:05
11  0 2403520 5192416 609328 21042592    0    0     0   196 18229 57837 30  6 65  0  0 2026-10-03 19:33:06
 5  0 2403520 5185432 609328 21044724    0    0     0    16 14808 49428 19  3 78  0  0 2026-10-03 19:33:07
 3  0 2403520 5187432 609328 21046832    0    0     0   264 15359 48258 17  2 80  0  0 2026-10-03 19:33:08
 8  0 2403520 5188600 609336 21048452    8    0     8   160 15931 53229 13  3 84  0  0 2026-10-03 19:33:09
 8  0 2403520 5185708 609344 21050488    0    0     0   252 19392 62546 19  4 77  0  0 2026-10-03 19:33:10
procs -----------memory---------- ---swap-- -----io---- -system-- ------cpu----- -----timestamp-----
 r  b   swpd   free   buff  cache   si   so    bi    bo   in   cs us sy id wa st                CEST
10  0 2403520 5185256 609384 21056580    0    0     0 20456 18415 52672 32  4 64  0  0 2026-10-03 19:33:11
 9  0 2403520 5121392 609384 21059172    0    0     0   768 20461 65242 28  8 65  0  0 2026-10-03 19:33:12
14  0 2403520 5114328 609408 21064484    4    0   292   360 20613 67940 37 14 50  0  0 2026-10-03 19:33:13
 8  0 2403520 5090444 609416 21072216    0    0  6016   456 16509 52994 31  7 63  0  0 2026-10-03 19:33:14
 3  0 2403520 5198884 609416 21074480    0    0     0   124 15240 49421 16  5 79  0  0 2026-10-03 19:33:15
 6  0 2403520 5192284 609416 21075984    0    0     0    96 18073 55608 18  3 79  0  0 2026-10-03 19:33:16
 4  0 2403520 5195508 609416 21076132    0    0     0    20 14895 49447 15  3 82  0  0 2026-10-03 19:33:17
 8  0 2403520 5208096 609428 21077908   16    0    16   768 13618 45028 13  2 85  0  0 2026-10-03 19:33:20
 9  0 2403520 5186940 609428 21079716    0    0     0    20 15632 51157 12  3 85  0  0 2026-10-03 19:33:21
 6  0 2403520 5198520 609444 21081648    0    0     0   232 15363 51029 13  3 84  0  0 2026-10-03 19:33:22
 7  0 2403520 5203056 609444 21077192    0    0     0    36 13494 43255 18  3 80  0  0 2026-10-03 19:33:23
 6  0 2403520 5184624 609444 21078716    0    0     0    20 16673 53372 17  5 78  0  0 2026-10-03 19:33:24
21  0 2403520 5173528 609444 21080908    0    0     0    16 15109 49704 15  3 82  0  0 2026-10-03 19:33:25
 7  0 2403520 5148752 609444 21085064    0    0     0    16 17018 56840 21  5 73  0  0 2026-10-03 19:33:26
14  0 2403520 5143528 609448 21088192    0    0     0   260 16315 51747 25  6 69  0  0 2026-10-03 19:33:27
21  0 2403520 5101924 609500 21089972    0    0   700    88 17987 54217 34  6 60  0  0 2026-10-03 19:33:28
25  0 2403520 5112736 609712 21094904    0    0  2760 24116 19426 58875 37  8 55  0  0 2026-10-03 19:33:29
16  0 2403520 5098016 610472 21098980    0    0  3008   228 18196 57549 48 12 40  0  0 2026-10-03 19:33:30
14  0 2403520 5081392 611280 21102712    0    0    40   336 19111 61412 36 12 52  0  0 2026-10-03 19:33:31
 8  0 2403520 5119332 611296 21105104    0    0     0   452 15924 51657 31  6 63  0  0 2026-10-03 19:33:32
13  0 2403520 5110104 611312 21107108    0    0     0  1792 13112 42510 32  4 64  0  0 2026-10-03 19:33:33
procs -----------memory---------- ---swap-- -----io---- -system-- ------cpu----- -----timestamp-----
 r  b   swpd   free   buff  cache   si   so    bi    bo   in   cs us sy id wa st                CEST
25  0 2403520 5074440 611312 21108852    0    0     0    16 15969 50658 38  6 56  0  0 2026-10-03 19:33:34
15  0 2403520 5097232 611312 21110660    0    0     0    24 14715 47776 46  9 46  0  0 2026-10-03 19:33:35
16  0 2403520 5048676 611312 21112172    0    0     0    20 15229 49643 39  4 57  0  0 2026-10-03 19:33:36
15  0 2403520 5060200 611320 21113984    0    0     0  4116 15952 52097 39  8 53  0  0 2026-10-03 19:33:37
20  0 2403520 5048272 611320 21117636    8    0     8    16 13273 42919 42  5 53  0  0 2026-10-03 19:33:38
18  0 2403520 5039160 611320 21120332    0    0     0    76 15248 48047 38  7 55  0  0 2026-10-03 19:33:39
 9  0 2403520 5011788 611328 21122344    0    0     0   292 13755 44936 34  4 62  0  0 2026-10-03 19:33:40
17  0 2403520 4940564 611328 21124128    0    0     0    16 13964 46890 28  5 66  0  0 2026-10-03 19:33:41
 8  0 2403520 4899736 611344 21125988    0    0     0   424 18235 56393 29 11 60  0  0 2026-10-03 19:33:42
10  0 2403520 4938248 611344 21128120    0    0     0   148 14213 46060 20  5 75  0  0 2026-10-03 19:33:44
 5  0 2403520 4920520 611352 21129800    0    0     0 62348 16581 53060 23  7 71  0  0 2026-10-03 19:33:45
 7  0 2403520 4928120 611352 21131244   16    0    16    60 18299 59690 18  8 74  0  0 2026-10-03 19:33:46
 8  0 2403520 4910636 611352 21133400    0    0     0    96 18054 57415 25  4 71  0  0 2026-10-03 19:33:47
 6  0 2403520 4926976 611360 21135252    0    0     0   252 17067 56641 19  4 77  0  0 2026-10-03 19:33:48
 5  0 2403520 4924728 611360 21136824    0    0     0    72 16042 50939 21  4 75  0  0 2026-10-03 19:33:49
 9  0 2403520 4924632 611360 21138480    0    0     0    16 15437 51367 21  3 76  0  0 2026-10-03 19:33:50
 5  0 2403520 4920524 611368 21145340    0    0     0   160 18285 58370 25  4 70  0  0 2026-10-03 19:33:53
16  0 2403520 4892500 611368 21146888    0    0     0   156 16692 53101 28  5 67  0  0 2026-10-03 19:33:54
12  0 2403520 4904932 611376 21148364    0    0     0   176 17724 53813 27  5 68  0  0 2026-10-03 19:33:55
 3  0 2403520 5078368 611384 21149820    0    0     0   484 15010 49107 13  3 84  0  0 2026-10-03 19:33:56
 4  0 2403520 5067284 611384 21151796    0    0     0    16 15169 47824 19  4 77  0  0 2026-10-03 19:33:57
procs -----------memory---------- ---swap-- -----io---- -system-- ------cpu----- -----timestamp-----
 r  b   swpd   free   buff  cache   si   so    bi    bo   in   cs us sy id wa st                CEST
 5  0 2403520 5037572 611392 21144628    0    0     0   148 17200 56557 18  5 77  0  0 2026-10-03 19:33:58
18  0 2403520 5004292 611392 21147024    0    0     0    28 16895 51239 31  5 64  0  0 2026-10-03 19:33:59
13  0 2403520 5005096 611408 21149116    0    0     4   448 19925 59800 37  8 55  0  0 2026-10-03 19:34:00
11  0 2403520 4988672 611408 21151056    0    0     0    16 17490 55284 38  8 54  0  0 2026-10-03 19:34:01
12  0 2403520 4996972 611408 21156956    0    0     0    20 18570 54314 31  6 63  0  0 2026-10-03 19:34:02
11  0 2403008 5012780 611416 21157772   36    0    36    72 20162 61447 36 12 52  0  0 2026-10-03 19:34:03
13  0 2403008 5019288 611452 21160284    0    0     0   584 18014 57933 25  6 69  0  0 2026-10-03 19:34:04
 7  0 2403008 5025652 611452 21162452   16    0    16   284 15848 52082 18  5 78  0  0 2026-10-03 19:34:05
 4  0 2403008 5015792 611456 21164544    0    0     0   208 16766 53959 21  6 73  0  0 2026-10-03 19:34:06
 9  0 2403008 5016888 611456 21166080    0    0     0   272 14124 45311 22  4 74  0  0 2026-10-03 19:34:07
13  0 2403008 4983516 611464 21165192    0    0     0   224 14554 46341 27  4 69  0  0 2026-10-03 19:34:08
 3  0 2403008 5066020 611464 21167152    0    0     0    24 14755 48267 24  5 71  0  0 2026-10-03 19:34:09
 9  0 2403008 5047236 611464 21168512    0    0     0   516 15337 49939 26  6 68  0  0 2026-10-03 19:34:10
 8  1 2403008 5051300 611472 21169820    0    0     0   300 16521 52336 26  7 68  0  0 2026-10-03 19:34:11
 6  0 2403008 5055804 611472 21171872    0    0     0     8 13222 44361 20  2 78  0  0 2026-10-03 19:34:12
12  0 2403008 5057724 611480 21173364    0    0     0   428 15099 49503 20  4 76  0  0 2026-10-03 19:34:13
13  0 2403008 5054196 611480 21176384    0    0     0    28 15461 46696 32  5 63  0  0 2026-10-03 19:34:14
10  0 2403008 5048520 611480 21178164    0    0     0   108 15266 48064 23  5 72  0  0 2026-10-03 19:34:15
10  0 2403008 5049160 611496 21179436    0    0     0   564 17118 54294 27  7 66  0  0 2026-10-03 19:34:16
10  0 2403008 5008436 611496 21181584    0    0     0    20 13116 43746 32  4 64  0  0 2026-10-03 19:34:17
 5  0 2403008 5033040 611500 21188096   16    0    84 75004 11252 41874 16  4 80  0  0 2026-10-03 19:34:18
procs -----------memory---------- ---swap-- -----io---- -system-- ------cpu----- -----timestamp-----
 r  b   swpd   free   buff  cache   si   so    bi    bo   in   cs us sy id wa st                CEST
 9  0 2403008 4977556 611500 21189684    0    0    36   216 18624 60597 22 11 68  0  0 2026-10-03 19:34:19
16  0 2403008 5024416 611632 21193324    0    0   936  1616 18357 57601 23 11 66  0  0 2026-10-03 19:34:20
15  0 2403008 5041224 611640 21195144    0    0     0    32 15732 50453 28  6 66  0  0 2026-10-03 19:34:21
 5  0 2403008 5039036 611640 21196988    0    0     0    16 14548 48950 19  5 77  0  0 2026-10-03 19:34:25
10  0 2403008 5036868 611640 21198460   12    0    12   272 13939 47954 16  4 80  0  0 2026-10-03 19:34:26
13  0 2403008 5046700 611640 21200864    0    0     0   120 14991 47225 25  6 69  0  0 2026-10-03 19:34:27
 7  0 2403008 5026056 611648 21207488    0    0     0   228 14562 46581 22  5 73  0  0 2026-10-03 19:34:28
10  0 2403008 5021252 611648 21209036    4    0     4   272 13975 46708 20  6 75  0  0 2026-10-03 19:34:29
12  0 2403008 5032660 611656 21210840    0    0     0   116 15159 51111 19  6 76  0  0 2026-10-03 19:34:30
 8  0 2403008 5030576 611664 21212360    0    0     0   276 12637 43309 15  3 82  0  0 2026-10-03 19:34:31
 5  0 2403008 5023676 611664 21214168    0    0     0   272 15509 50364 20  5 75  0  0 2026-10-03 19:34:32
10  0 2403008 5031120 611664 21216188    0    0     0    20 12959 41863 23  2 75  0  0 2026-10-03 19:34:33
 6  0 2403008 5033544 611664 21212544    0    0     0    16 15867 50563 22  4 74  0  0 2026-10-03 19:34:34
11  0 2403008 5013164 611672 21214844    0    0     0   444 15716 50407 23  4 73  0  0 2026-10-03 19:34:35
13  0 2403008 4963432 611672 21216996    0    0     0    96 17623 53280 31  6 63  0  0 2026-10-03 19:34:36
 8  0 2403008 4945992 611680 21218780    0    0    36    56 14772 50744 25  7 68  0  0 2026-10-03 19:34:37
 5  0 2403008 5001980 611680 21225796    0    0     0   572 17903 55431 21  6 74  0  0 2026-10-03 19:34:38
 5  0 2403008 5001408 611680 21228060    0    0     0    16 19239 57531 21  5 74  0  0 2026-10-03 19:34:39
 4  0 2403008 5007828 611688 21230428    0    0     0   276 16925 54126 18  4 78  0  0 2026-10-03 19:34:40
 7  0 2403008 5004104 611688 21231896    0    0     0    20 15171 48290 18  4 78  0  0 2026-10-03 19:34:41
 8  0 2403008 5003236 611688 21233656    0    0     0   280 13481 45148 14  3 83  0  0 2026-10-03 19:34:42
procs -----------memory---------- ---swap-- -----io---- -system-- ------cpu----- -----timestamp-----
 r  b   swpd   free   buff  cache   si   so    bi    bo   in   cs us sy id wa st                CEST
 9  0 2403008 5007592 611688 21235796    0    0     0    20 12732 43846 16  3 81  0  0 2026-10-03 19:34:43
10  0 2403008 5000220 611696 21229828    0    0     0   108 14392 48577 20  4 76  0  0 2026-10-03 19:34:44
 5  0 2403008 5003948 611704 21230212    0    0     0   500 14247 47731 20  5 75  0  0 2026-10-03 19:34:45
11  0 2403008 4993120 611716 21232692    0    0     0   372 13961 45055 21  5 75  0  0 2026-10-03 19:34:46
 6  0 2403008 5009420 611716 21241636    0    0     8   236 17872 57236 28  8 65  0  0 2026-10-03 19:34:47
 3  0 2403008 5002656 611716 21243712    0    0     0   292 11279 38666 16  3 81  0  0 2026-10-03 19:34:48
11  0 2403008 4995576 611724 21245040    0    0     0    40 13593 44588 17  2 81  0  0 2026-10-03 19:34:49
 5  0 2403008 4988700 611724 21246852    0    0     0    16 16103 52017 22  4 74  0  0 2026-10-03 19:34:50
 6  0 2403008 4998604 611728 21250116    0    0   156   804 16027 49699 19  3 78  0  0 2026-10-03 19:34:51
 7  0 2403008 4968068 611752 21251896   16    0    16 55200 12670 45946 12  3 84  0  0 2026-10-03 19:34:52
 6  0 2403008 4945780 611752 21251404    0    0   140    68 20912 65162 30  8 63  0  0 2026-10-03 19:34:53
23  0 2403008 4934940 611752 21254140    0    0     0   272 17318 55747 27  7 66  0  0 2026-10-03 19:34:54
12  0 2403008 4935024 611760 21254980    0    0     0   132 18209 54095 29  6 65  0  0 2026-10-03 19:34:57
12  0 2403008 4903688 611760 21257840    4    0     4    52 18601 53989 33  5 62  0  0 2026-10-03 19:34:58
15  0 2403008 4907112 611764 21259724    0    0     0   256 21005 61875 36  9 56  0  0 2026-10-03 19:34:59
 6  0 2403008 4949368 611804 21261748    0    0     4   624 17906 53542 29  4 67  0  0 2026-10-03 19:35:00
 7  0 2403008 4920724 611804 21263356    0    0     0    16 18394 56428 21  4 75  0  0 2026-10-03 19:35:01
 5  0 2403008 4899932 611812 21265172    0    0     0   344 17907 55747 19  4 77  0  0 2026-10-03 19:35:02
 7  0 2403008 4907676 611820 21272044    8    0     8   520 17539 53543 24  5 71  0  0 2026-10-03 19:35:03
16  0 2403008 4932184 611828 21273592    0    0     0   240 15411 47892 26  7 68  0  0 2026-10-03 19:35:04
11  0 2403008 4889448 611828 21276256   16    0    16   420 17670 55893 36 10 54  0  0 2026-10-03 19:35:05
procs -----------memory---------- ---swap-- -----io---- -system-- ------cpu----- -----timestamp-----
 r  b   swpd   free   buff  cache   si   so    bi    bo   in   cs us sy id wa st                CEST
 7  0 2403008 4949204 611828 21277932    0    0     0   512 15553 49578 20  7 72  0  0 2026-10-03 19:35:06
 8  0 2403008 4952052 611828 21279500    0    0     0    16 14955 48873 14  5 81  0  0 2026-10-03 19:35:07
 3  0 2403008 4949548 611836 21281888    8    0     8   172 14839 47757 15  3 82  0  0 2026-10-03 19:35:08
 5  0 2403008 4913512 611836 21277884   16    0    16 12384 16000 55355 15  4 81  0  0 2026-10-03 19:35:09
 6  0 2403008 4889764 611844 21279716    0    0     0   320 18630 58347 22  6 73  0  0 2026-10-03 19:35:10
12  0 2403008 4883592 611844 21281420    0    0     0    60 19178 57823 23  4 73  0  0 2026-10-03 19:35:11
 5  0 2403008 4915148 611852 21278192    0    0     0   212 17040 54347 15  5 80  0  0 2026-10-03 19:35:12
 8  0 2403008 4902800 611868 21279824    4    0     4   660 19588 61959 22  5 73  0  0 2026-10-03 19:35:13
 5  0 2403008 4906048 611868 21281632    0    0     0    20 15683 50455 19  3 79  0  0 2026-10-03 19:35:14
 6  0 2403008 4899924 611868 21283720    0    0     0   324 16309 53938 18  4 78  0  0 2026-10-03 19:35:15
17  0 2403008 4900260 611868 21285992    0    0     0   308 16975 52194 19  3 78  0  0 2026-10-03 19:35:16
 4  0 2403008 4926400 611884 21289168    0    0     0   296 16596 53188 21  3 76  0  0 2026-10-03 19:35:17
11  0 2403008 4898412 611892 21291120    0    0     0   292 16474 51130 25  3 72  0  0 2026-10-03 19:35:18
 8  0 2403008 4871340 611892 21293012    4    0     4   276 13399 46050 28  3 69  0  0 2026-10-03 19:35:19
 4  0 2403008 4923920 611892 21298340    0    0     0   112 17589 54553 21  5 74  0  0 2026-10-03 19:35:20
11  0 2403008 4900132 611892 21300200    0    0     0   164 16574 51262 22  3 75  0  0 2026-10-03 19:35:21
 7  0 2403008 4875280 611892 21302184    0    0     0   276 16096 50816 24  4 72  0  0 2026-10-03 19:35:22
11  0 2403008 4911320 611908 21303636    0    0     0   292 17895 56256 21  6 73  0  0 2026-10-03 19:35:23
 4  0 2403008 4919096 611916 21308732   16    0    16 59376 14338 47263 15  3 82  0  0 2026-10-03 19:35:24
 5  0 2403008 4910248 611916 21310600    0    0     0   388 15034 49600 14  3 83  0  0 2026-10-03 19:35:25
 6  0 2403008 4902384 611916 21312164    0    0     0    16 18916 57142 23  5 72  0  0 2026-10-03 19:35:26
procs -----------memory---------- ---swap-- -----io---- -system-- ------cpu----- -----timestamp-----
 r  b   swpd   free   buff  cache   si   so    bi    bo   in   cs us sy id wa st                CEST
 7  0 2403008 4898728 611916 21313864    0    0     0    20 17596 55614 17  4 78  0  0 2026-10-03 19:35:30
 4  0 2403008 4974952 611916 21294364    0    0     0    16 13072 43902 15  3 82  0  0 2026-10-03 19:35:31
 6  0 2399168 4970920 611932 21296752 3972    0  3972   632 13169 42971 23  3 74  0  0 2026-10-03 19:35:32
 6  0 2399168 4932536 611932 21298800    0    0     0    20 18735 60853 22  6 72  0  0 2026-10-03 19:35:33
 7  0 2399168 5123440 611948 21300232    0    0     0   520 14686 50932 21  4 75  0  0 2026-10-03 19:35:34
 9  0 2399168 5129940 611992 21292996    0    0     0 17800 29426 93573 30  8 61  0  0 2026-10-03 19:35:35
13  0 2399168 5126496 611992 21295008    0    0     0    60 19767 61522 26  7 67  0  0 2026-10-03 19:35:36
16  0 2399168 5133988 612000 21296448    0    0     0   440 15571 48279 34  6 60  0  0 2026-10-03 19:35:37
13  0 2399168 5130540 612008 21298000    0    0     0   320 15757 47828 37  5 58  0  0 2026-10-03 19:35:38
13  0 2399168 5122944 612008 21299592    0    0     0    20 17271 55011 36  7 58  0  0 2026-10-03 19:35:39
10  0 2399168 5115300 612008 21301552    0    0     0    68 16133 50864 26  6 68  0  0 2026-10-03 19:35:40
 7  0 2399168 5121140 612028 21303404    0    0     0   968 18405 54577 30  6 64  0  0 2026-10-03 19:35:41
 5  0 2399168 5114320 612028 21305212   16    0    16    28 15924 49582 19  4 77  0  0 2026-10-03 19:35:42
 8  0 2399168 5086744 612044 21307204    0    0     0   560 17511 58953 18  4 78  0  0 2026-10-03 19:35:43
 5  0 2399168 5114308 612052 21308888    0    0     0   324 18539 57776 21  4 76  0  0 2026-10-03 19:35:44
 5  0 2399168 5098552 612060 21310420    0    0     0   384 20098 61857 21  6 73  0  0 2026-10-03 19:35:45
 6  0 2399168 5145144 612060 21312316    0    0     0    16 16378 53929 17  4 80  0  0 2026-10-03 19:35:46
 8  0 2399168 5156172 612068 21314580    0    0     0   232 14674 47051 16  3 81  0  0 2026-10-03 19:35:47
 6  0 2399168 5114512 612068 21316352    0    0     0   272 12036 42502 14  3 83  0  0 2026-10-03 19:35:48
 6  0 2399168 5103596 612068 21318212    0    0     0   112 15850 54419 19  4 77  0  0 2026-10-03 19:35:49
 8  0 2399168 5099076 612076 21320064    0    0     0   128 13863 47507 20  4 76  0  0 2026-10-03 19:35:50
procs -----------memory---------- ---swap-- -----io---- -system-- ------cpu----- -----timestamp-----
 r  b   swpd   free   buff  cache   si   so    bi    bo   in   cs us sy id wa st                CEST
 7  0 2399168 5091248 612076 21321864    0    0     0   384 14438 47242 24  4 72  0  0 2026-10-03 19:35:51
12  0 2399168 5081936 612084 21323376    0    0     0   144 19401 55083 30  5 65  0  0 2026-10-03 19:35:52
 5  0 2399168 5091508 612084 21325464    0    0     0    20 20196 57918 30  4 65  0  0 2026-10-03 19:35:53
11  0 2399168 5093452 612084 21327236    0    0     0   272 19660 57910 25  4 71  0  0 2026-10-03 19:35:54
 3  0 2399168 5089168 612084 21329012    0    0     0    20 17378 56626 19  4 77  0  0 2026-10-03 19:35:55
10  0 2399168 5080976 612084 21330628    0    0     0   372 17495 57096 18  5 77  0  0 2026-10-03 19:35:56
 9  0 2399168 5077964 612104 21333892    8    0     8   604 17408 54278 21  4 75  0  0 2026-10-03 19:35:57
 4  0 2399168 5125456 612112 21335744    0    0     0   208 17918 54080 27  3 69  0  0 2026-10-03 19:35:58
 5  0 2399168 5111344 612112 21337568    0    0     0    96 15283 51289 13  3 84  0  0 2026-10-03 19:35:59
 9  0 2399168 5119228 612112 21338780    0    0    40   276 20081 61095 20  4 76  0  0 2026-10-03 19:36:02
 6  0 2399168 5114780 612112 21341172    0    0     0    16 14019 47037 11  3 86  0  0 2026-10-03 19:36:03
 4  0 2399168 5112928 612120 21342924    0    0     0   276 14245 47260 15  3 82  0  0 2026-10-03 19:36:04
 6  0 2399168 5109640 612120 21344688    0    0     0    52 15784 50341 18  5 77  0  0 2026-10-03 19:36:05
 6  0 2399168 5121692 612128 21346472    0    0     0   336 14710 49530 12  3 85  0  0 2026-10-03 19:36:06
 6  0 2399168 5121860 612128 21348212    4    0     4 55744 15380 48229 18  2 80  0  0 2026-10-03 19:36:07
 5  0 2399168 5108336 612128 21349764    0    0     0    20 13166 45980 10  3 87  0  0 2026-10-03 19:36:08
 6  0 2399168 5111188 612136 21351236    0    0     0   452 17960 55743 17  3 80  0  0 2026-10-03 19:36:09
 4  0 2399168 5102472 612144 21353204    0    0     0    64 15961 51818 17  3 80  0  0 2026-10-03 19:36:10
 6  0 2399168 5098884 612144 21354836    0    0     0    24 12873 45678 10  2 88  0  0 2026-10-03 19:36:11
 5  0 2399168 5107928 612144 21356680    0    0     0   272 16955 53761 17  3 80  0  0 2026-10-03 19:36:12
 2  0 2399168 5105252 612152 21358536    0    0     0    44 14845 49720 11  3 86  0  0 2026-10-03 19:36:13
procs -----------memory---------- ---swap-- -----io---- -system-- ------cpu----- -----timestamp-----
 r  b   swpd   free   buff  cache   si   so    bi    bo   in   cs us sy id wa st                CEST
 7  0 2399168 5102364 612152 21360348   16    0    16   140 15359 49023 16  3 81  0  0 2026-10-03 19:36:14
 2  0 2399168 5099624 612156 21362616    0    0     0   660 14923 47318 16  3 81  0  0 2026-10-03 19:36:15
10  0 2399168 5079964 612212 21364604    8    0    32   252 16592 54721 14  5 81  0  0 2026-10-03 19:36:16
 5  0 2399168 5029996 612212 21366128    0    0     0    16 19777 63020 20  6 73  0  0 2026-10-03 19:36:17
 9  0 2399168 5045012 612232 21367556    0    0     0   584 20690 60825 22  5 73  0  0 2026-10-03 19:36:18
 9  0 2399168 5038796 612240 21369872    0    0     0   404 21849 60790 30  5 65  0  0 2026-10-03 19:36:19
 6  0 2399168 5044920 612248 21372076    0    0     0   412 21000 59458 30  4 66  0  0 2026-10-03 19:36:20
 4  0 2399168 5055772 612248 21374224    0    0     0    20 15500 49817 17  4 79  0  0 2026-10-03 19:36:21
13  0 2399168 5019308 612568 21375384    0    0   316  7520 20902 64999 23  6 70  0  0 2026-10-03 19:36:22
 9  0 2399168 4910952 612728 21388656    0    0 11156   680 15726 51268 15  5 79  0  0 2026-10-03 19:36:23
 6  0 2399168 4865320 612868 21390616    0    0  1316   224 16488 50257 21  4 75  0  0 2026-10-03 19:36:24
15  0 2399168 4794336 613004 21395244    4    0  2712   436 20034 57405 24  5 71  0  0 2026-10-03 19:36:25
 6  0 2399168 4749584 613020 21397236    4    0    76   636 21541 64382 27  6 67  0  0 2026-10-03 19:36:26
 8  0 2399168 4744064 613020 21399192    0    0     0    16 12773 42789 17  2 81  0  0 2026-10-03 19:36:27
 7  0 2399168 4699220 613020 21400864    0    0     0   272 16619 54525 26  7 67  0  0 2026-10-03 19:36:28
 9  0 2399168 4711320 613020 21405340   16    0    16    20 15758 51129 20  5 75  0  0 2026-10-03 19:36:29
 8  0 2399168 4707108 613036 21406976    0    0     0   276 14669 48042 23  4 74  0  0 2026-10-03 19:36:30
 6  0 2399168 5014664 613120 21412288   32    0  4444   828 15109 51848 23  5 71  0  0 2026-10-03 19:36:31
12  0 2399168 4920108 613356 21426976    0    0 14228   708 18589 59799 22  6 72  1  0 2026-10-03 19:36:35
11  0 2399168 4764684 613596 21446052   16    0  8076  1204 37233 104981 24  7 68  0  0 2026-10-03 19:36:36
18  0 2399168 4650120 613752 21476268    0    0  1108 14052 47962 129229 27 10 63  0  0 2026-10-03 19:36:37
procs -----------memory---------- ---swap-- -----io---- -system-- ------cpu----- -----timestamp-----
 r  b   swpd   free   buff  cache   si   so    bi    bo   in   cs us sy id wa st                CEST
12  0 2399168 4564780 613756 21501284    0    0  2824    16 42238 116528 30  9 61  1  0 2026-10-03 19:36:38
12  0 2399168 4467284 613812 21528952    0    0    68    68 47005 126581 23 10 67  0  0 2026-10-03 19:36:39
12  0 2399168 4393596 613848 21560680    0    0  3964    20 44264 122701 29 10 60  1  0 2026-10-03 19:36:40
11  0 2399168 4277752 613916 21589804    0    0   816 49384 48422 131756 21  9 69  0  0 2026-10-03 19:36:41
13  0 2399168 4194592 613924 21621716    0    0     0   204 51077 138652 22  9 69  0  0 2026-10-03 19:36:42
 7  0 2399168 4146780 613924 21641912    0    0     0    92 39883 111482 25  9 66  0  0 2026-10-03 19:36:43
18  0 2399168 4096776 613932 21669464    0    0     0   380 44433 120558 28  9 63  0  0 2026-10-03 19:36:44
10  0 2399168 4022036 614000 21770244   56    0   120 100200 52658 139243 28 10 62  0  0 2026-10-03 19:36:45
18  0 2399168 3845012 614008 21942752    0    0   196   652 64862 165700 25 11 64  0  0 2026-10-03 19:36:46
 9  0 2399168 4327468 614360 22062952    0    0  1028   380 55489 142544 29 15 55  1  0 2026-10-03 19:36:47
 7  0 2399168 4252000 614516 22119564    0    0    72 535808 38349 108116 18 11 70  1  0 2026-10-03 19:36:48
12  0 2399168 4207868 614516 22132876    0    0     0    52 29718 87688 22 10 68  0  0 2026-10-03 19:36:49
13  0 2399168 4218364 614516 22144944    0    0     0   440 31261 90206 22 11 67  0  0 2026-10-03 19:36:50
 5  0 2399168 4190608 614524 22157624    0    0     0    92 34193 95622 25 12 63  0  0 2026-10-03 19:36:51
 3  0 2399168 4205048 614524 22171876   12    0   196    16 31240 93003 14  9 76  0  0 2026-10-03 19:36:52
 9  1 2399168 4153376 614548 22227924    0    0     0  9620 33804 97334 22  8 70  0  0 2026-10-03 19:36:53
 7  1 2398400 4014404 614584 22345292  828    0   828 82108 43694 120219 21  9 70  0  0 2026-10-03 19:36:54
12  0 2397888 4474112 614608 21906456  856    0   856 82116 39913 111334 17  8 75  0  0 2026-10-03 19:36:55
11  0 2397888 4412496 614608 21928680    0    0     0    20 42091 116946 22  8 69  0  0 2026-10-03 19:36:56
 9  0 2397888 4371552 614608 21950796    0    0     0    16 42754 118920 22  8 70  0  0 2026-10-03 19:36:57
 8  0 2397888 4345972 614608 21972064    0    0     0   112 37222 106573 15  6 79  0  0 2026-10-03 19:36:58
procs -----------memory---------- ---swap-- -----io---- -system-- ------cpu----- -----timestamp-----
 r  b   swpd   free   buff  cache   si   so    bi    bo   in   cs us sy id wa st                CEST
 9  0 2397888 4320532 614608 22000268    0    0     0    56 42756 118304 22  6 71  0  0 2026-10-03 19:36:59
13  0 2397888 4297304 614632 22026104    0    0     0   404 48641 133153 21  8 70  0  0 2026-10-03 19:37:00
 9  0 2397888 4281360 614632 22053708   80    0    80   260 46816 129277 23  7 70  0  0 2026-10-03 19:37:01
12  0 2397888 4247180 614632 22082720   16    0  2700    20 44141 122094 34  8 58  0  0 2026-10-03 19:37:02
 7  0 2397888 4227116 614656 22106284   24    0   280   352 39354 110066 32  9 60  0  0 2026-10-03 19:37:03
 9  0 2397888 4209204 614668 22116084    0    0     0   436 28844 83677 24  6 71  0  0 2026-10-03 19:37:04
13  0 2397888 4202416 614676 22130396    4    0     4   228 33865 94284 29  8 63  0  0 2026-10-03 19:37:07
15  0 2397888 4147972 614676 22142884    0    0     0   248 30988 92303 28 14 58  0  0 2026-10-03 19:37:08
 8  0 2397888 4181692 614676 22156264   16    0    16    88 32306 94019 24 11 65  0  0 2026-10-03 19:37:09
 8  0 2397888 4211796 614684 22172512    0    0     0   276 32420 93124 27  8 66  0  0 2026-10-03 19:37:10
 6  0 2397888 4196488 614692 22184272    0    0     0   208 28178 80872 21  8 71  0  0 2026-10-03 19:37:11
 7  0 2397888 4161880 614692 22200228    0    0     0    16 32670 95266 14 10 76  0  0 2026-10-03 19:37:12
16  0 2397888 4161052 614692 22215436    0    0     0   100 31191 92036 18  6 76  0  0 2026-10-03 19:37:13
23  0 2397888 4144408 614692 22228824    0    0     0    16 32115 94098 19 10 71  0  0 2026-10-03 19:37:14
 7  0 2397888 4123076 614692 22242892    0    0     0    16 29741 87139 18  7 75  0  0 2026-10-03 19:37:15
 9  0 2397888 4114292 614716 22263896    0    0     0   220 39128 108718 19  8 73  0  0 2026-10-03 19:37:16
 6  0 2397888 4083036 614716 22289052    0    0     0   140 42558 118973 18  6 75  0  0 2026-10-03 19:37:17
 8  0 2397888 4052756 614716 22313300    0    0     0    92 41006 114495 18  9 74  0  0 2026-10-03 19:37:18
 8  0 2397888 4017896 614716 22338476   12    0    12    20 41846 119192 16  7 76  0  0 2026-10-03 19:37:19
 6  0 2397888 4015520 614720 22364364    0    0     0 239260 41045 116926 13  7 80  0  0 2026-10-03 19:37:20
 4  0 2397888 3981000 614732 22387600   16    0    16 307464 38457 109293 14  6 80  0  0 2026-10-03 19:37:21
procs -----------memory---------- ---swap-- -----io---- -system-- ------cpu----- -----timestamp-----
 r  b   swpd   free   buff  cache   si   so    bi    bo   in   cs us sy id wa st                CEST
21  0 2397888 3945624 614740 22414284    0    0     0    36 41766 117696 12  6 82  0  0 2026-10-03 19:37:22
 4  0 2397888 3923700 614740 22442180    0    0     0   120 41195 118264 13  7 80  0  0 2026-10-03 19:37:23
 7  0 2397888 3915860 614740 22467480    0    0     0    56 43571 120267 17 10 74  0  0 2026-10-03 19:37:24
 5  0 2397888 3891296 614740 22488076    0    0     0    20 35321 101291 16  7 78  0  0 2026-10-03 19:37:25
 7  0 2397888 3854612 614744 22512944    0    0     0   120 37806 109263 11  5 83  0  0 2026-10-03 19:37:26
 4  0 2397888 3844372 614748 22536596    0    0     0    96 39209 111441 14  8 78  0  0 2026-10-03 19:37:27
10  0 2397888 3799104 614748 22562800    0    0     0    16 40109 113649 14  7 79  0  0 2026-10-03 19:37:28
 7  0 2397888 3797676 614756 22586160    0    0     0    28 38647 111260 12  6 82  0  0 2026-10-03 19:37:29
 8  1 2397888 3775396 614756 22601508    0    0     0    20 31464 93357 12  8 80  0  0 2026-10-03 19:37:30
 9  0 2397888 3762480 614756 22618412    0    0     0     8 31887 95703 11  6 83  0  0 2026-10-03 19:37:31
 8  0 2397888 3735192 614764 22642784    0    0     0   136 36011 104695 12  7 81  0  0 2026-10-03 19:37:32
 6  0 2397888 3705684 614764 22672384    0    0     0    48 43816 124213 13  8 79  0  0 2026-10-03 19:37:33
 3  0 2397888 3686940 614764 22698432    0    0     0    64 42718 121788 14  9 77  0  0 2026-10-03 19:37:34
 7  0 2397888 3648676 614772 22726108    0    0     0    32 39189 114373 13  8 80  0  0 2026-10-03 19:37:35
 7  0 2397888 3614952 614780 22756372    0    0     4 69872 45830 130219 13  6 81  0  0 2026-10-03 19:37:36
 6  0 2397888 3586656 614800 22789860    0    0    48   260 44989 129526 13  7 79  0  0 2026-10-03 19:37:40
 5  0 2397888 3552576 614800 22819628    0    0     0   180 43866 127292 12  6 82  0  0 2026-10-03 19:37:41
 8  0 2397888 3620040 614840 22841328    0    0   248   120 39575 113037 20 10 70  0  0 2026-10-03 19:37:42
 7  0 2397888 3606352 614840 22866872    0    0     0    20 61198 170788 22  9 68  0  0 2026-10-03 19:37:43
11  1 2397888 3583532 614888 22884444    0    0    16 492080 49617 144128 16 11 73  1  0 2026-10-03 19:37:44
 4  0 2397888 3540396 615092 22920452    0    0    52 52472 55347 152611 15  9 73  2  0 2026-10-03 19:37:45
procs -----------memory---------- ---swap-- -----io---- -system-- ------cpu----- -----timestamp-----
 r  b   swpd   free   buff  cache   si   so    bi    bo   in   cs us sy id wa st                CEST
 6  1 2397888 3483044 615348 22942024    0    0   868 26852 42464 120033 17 10 72  1  0 2026-10-03 19:37:46
 9  0 2397888 3361200 615776 22971240    0    0  4300 13720 44959 124086 17 10 69  3  0 2026-10-03 19:37:47
11  0 2397888 3198844 616360 23004948    0    0     4  9612 39590 106669 24 10 64  1  0 2026-10-03 19:37:48
17  0 2397888 3126972 616700 23037220    0    0    28  4468 38213 108507 31 15 54  1  0 2026-10-03 19:37:49
 6  0 2397888 3191324 616792 23052936    0    0     0  2128 37816 108762 30 14 55  0  0 2026-10-03 19:37:50
12  1 2397888 3160032 616820 23069772    0    0    48   476 39860 116707 27 15 58  0  0 2026-10-03 19:37:51
11  1 2397888 3306304 617172 23091144    0    0     4 155468 41690 115760 17 18 64  1  0 2026-10-03 19:37:52
 4  0 2397888 3309432 617232 23108724    0    0     0  1896 27095 81061 19  7 74  1  0 2026-10-03 19:37:53
 9  0 2397888 3327104 617240 23125052    0    0     0   348 26594 78396 17  4 79  0  0 2026-10-03 19:37:54
13  0 2397888 3300772 617240 23151080    0    0    80    36 35175 96509 15  6 79  0  0 2026-10-03 19:37:55
 6  0 2397888 4283988 617308 23176796    0    0   868    96 37264 102497 17 12 71  0  0 2026-10-03 19:37:56
13  0 2397888 6331376 617476 23211540   12    0   704 23652 37917 108044 12 15 72  1  0 2026-10-03 19:37:57
 3  1 2397888 6384148 617896 23206812    0    0     4   532 43176 118578 14 14 73  0  0 2026-10-03 19:37:58
14  1 2397888 6336700 617984 23218552    0    0     0  7848 43076 127408 24 14 61  1  0 2026-10-03 19:37:59
 8  0 2397888 6349760 618004 23236904    0    0   220  2180 50933 144720 24 12 64  0  0 2026-10-03 19:38:00
 5  0 2397888 6334172 618072 23266668    0    0   136  1080 46882 132221 12  8 80  0  0 2026-10-03 19:38:01
 6  0 2397888 6314988 618356 23298792    0    0     0  4136 47780 136165 12  7 80  1  0 2026-10-03 19:38:02
12  0 2397888 6252492 618452 23334316    0    0   412  2276 53233 142068 16 10 73  0  0 2026-10-03 19:38:03
 8  0 2397888 6241768 618504 23368188    4    0     4  6548 48345 132223 13  9 78  0  0 2026-10-03 19:38:04
 4  0 2397888 6208892 618524 23396244    0    0     0  2320 43076 118393 13  8 78  0  0 2026-10-03 19:38:05
10  0 2397888 6168548 618524 23429060    0    0     0    20 46776 126050 14  9 78  0  0 2026-10-03 19:38:06
procs -----------memory---------- ---swap-- -----io---- -system-- ------cpu----- -----timestamp-----
 r  b   swpd   free   buff  cache   si   so    bi    bo   in   cs us sy id wa st                CEST
13  0 2397888 6124396 618532 23467064    0    0     0    56 52932 143018 14  8 77  0  0 2026-10-03 19:38:07
13  0 2397888 6088312 618552 23501204   20    0    20 31408 52325 139506 14 10 76  0  0 2026-10-03 19:38:08
 9  0 2397888 6062576 618568 23542888    0    0     0  7596 56957 151351 15 10 75  0  0 2026-10-03 19:38:09
 5  0 2397888 6031520 618568 23577540    0    0     0    16 48519 130830 13  9 77  0  0 2026-10-03 19:38:13
14  0 2397888 5997928 618568 23605164    0    0     0   180 41375 113945 15 12 73  0  0 2026-10-03 19:38:14
21  0 2397888 5948084 618576 23637776    0    0     0 30272 45077 124267 13  9 78  0  0 2026-10-03 19:38:15
 7  0 2397888 5812284 619460 23747724    0    0   496 118840 43656 120507 18 16 66  0  0 2026-10-03 19:38:16
 8  1 2397888 5727624 620412 23814552    0    0   488  1868 42299 119715 17 12 70  0  0 2026-10-03 19:38:17
 6  0 2397888 5627356 621024 23921416    0    0    68  2552 46486 125689 15 10 75  1  0 2026-10-03 19:38:18
13  0 2397888 5588608 621064 23946316   40    0  1720   592 52949 150875 24  8 67  0  0 2026-10-03 19:38:19
 5  0 2397888 5577108 621072 23977804    0    0     0   240 47124 133672 13  8 79  0  0 2026-10-03 19:38:20
 7  0 2397888 5539992 621108 24010944    0    0     0 10964 45180 130131 14  7 78  0  0 2026-10-03 19:38:21
 8  0 2397888 5514616 621108 24045632    0    0     0    20 47926 134412 15  7 78  0  0 2026-10-03 19:38:22
 3  0 2397888 5462448 621108 24072876    0    0     0    16 42433 119621 14  8 78  0  0 2026-10-03 19:38:23
 1  0 2397888 5438656 621116 24095832    0    0     0   364 40033 115010 11  7 82  0  0 2026-10-03 19:38:24
17  0 2397888 5392692 621124 24124648    0    0     0   112 40298 115615 10  6 84  0  0 2026-10-03 19:38:25
 7  0 2397888 5429304 621132 24152984    0    0     0 593504 47257 131716 13  8 79  0  0 2026-10-03 19:38:26
 5  0 2397888 5375176 621132 24179268    0    0     0   176 44051 123841 13  9 79  0  0 2026-10-03 19:38:27
 7  0 2397888 5374596 621132 24201952    0    0     0    16 36228 105335 11  6 83  0  0 2026-10-03 19:38:28
 6  0 2397888 5328020 621140 24231304    0    0     0   192 41753 120022  8  6 86  0  0 2026-10-03 19:38:29
12  0 2397888 5305356 621140 24257740    0    0     0    24 45221 127053 11  9 79  0  0 2026-10-03 19:38:30
procs -----------memory---------- ---swap-- -----io---- -system-- ------cpu----- -----timestamp-----
 r  b   swpd   free   buff  cache   si   so    bi    bo   in   cs us sy id wa st                CEST
 6  0 2397888 5214164 621140 24290480    0    0     0    16 49892 141332 13  9 78  0  0 2026-10-03 19:38:31
 7  0 2397888 5204524 621148 24324984    0    0     0   376 48600 136444 12  8 80  0  0 2026-10-03 19:38:32
 5  0 2397888 5167076 621148 24358860   16    0   128    56 46452 129249 11  7 82  0  0 2026-10-03 19:38:33
 9  0 2397888 5139052 621164 24384968    0    0     0   328 41273 118086 12  8 80  0  0 2026-10-03 19:38:34
 5  0 2397888 5102428 621168 24419820    0    0     0   184 46276 133812 12  7 81  0  0 2026-10-03 19:38:35
 6  0 2397888 5109136 621168 24453208    0    0     0    16 47665 134475 14  7 79  0  0 2026-10-03 19:38:36
 8  0 2397888 5047004 621176 24481288    0    0     0   312 43577 122773 15  8 78  0  0 2026-10-03 19:38:37
 4  0 2397888 5006316 621176 24508396    8    0     8   200 39918 115400 12  6 82  0  0 2026-10-03 19:38:38
 3  0 2397888 4977796 621184 24537940    0    0     0   128 42094 119566  9  7 84  0  0 2026-10-03 19:38:39
 3  0 2397888 4975260 621192 24558692    0    0  3780   232 36862 106915 15 10 75  0  0 2026-10-03 19:38:40
 3  0 2397888 4980640 621192 24594132    0    0 14972 65784 32948 98404  9  7 84  0  0 2026-10-03 19:38:41
 6  0 2397888 4933232 621212 24621984    0    0     0  1736 39664 114044  9  9 82  0  0 2026-10-03 19:38:42
 4  0 2397888 4924868 621212 24649208    0    0     0    16 43171 122298 12  8 79  0  0 2026-10-03 19:38:45
 5  0 2397888 4888604 621212 24683936   24    0    24    44 45015 129106  8  7 85  0  0 2026-10-03 19:38:46
 4  0 2397888 4876044 621224 24697888    0    0     0   212 29112 86494 10  6 85  0  0 2026-10-03 19:38:47
 5  0 2397888 4819108 621232 24711468    0    0     0   228 30278 89718 11 10 79  0  0 2026-10-03 19:38:48
 1  0 2397888 4854388 621232 24724704    0    0     0    16 31603 91797 14 13 74  0  0 2026-10-03 19:38:49
 5  0 2397888 4824128 621232 24740604    0    0     0   252 36110 107985  9  7 85  0  0 2026-10-03 19:38:50
 7  0 2397888 4798912 621232 24752132    0    0     0  1116 42251 127208 14 11 74  0  0 2026-10-03 19:38:51
 6  0 2397888 4795008 621504 24763772    0    0   284   136 44479 132861 13 11 76  0  0 2026-10-03 19:38:52
 2  0 2397888 4792688 621504 24781716    0    0     0    68 52595 156203 12  8 81  0  0 2026-10-03 19:38:53
procs -----------memory---------- ---swap-- -----io---- -system-- ------cpu----- -----timestamp-----
 r  b   swpd   free   buff  cache   si   so    bi    bo   in   cs us sy id wa st                CEST
 3  0 2397888 4763004 621504 24803088    0    0     0    20 37274 107620  9  6 85  0  0 2026-10-03 19:38:54
 5  0 2397888 4744896 621512 24827056    0    0     0    52 37219 112033 10  7 84  0  0 2026-10-03 19:38:55
 4  0 2397888 4712932 621512 24858520    0    0     0    16 40022 121004  9  6 85  0  0 2026-10-03 19:38:56
 6  0 2397888 4678416 621528 24890780    0    0     0   224 43988 133282  9  7 84  0  0 2026-10-03 19:38:57
 4  0 2397888 4636968 621528 24918048    0    0     0    16 41742 126514  9  7 84  0  0 2026-10-03 19:38:58
 6  0 2397888 4578908 621676 24941584    0    0   144 973672 41649 122269 13 10 77  0  0 2026-10-03 19:38:59
 6  0 2397888 4539652 621676 24963268    0    0     0   420 35426 105285 13  7 80  0  0 2026-10-03 19:39:00
 6  0 2397888 4524436 621676 24987848    0    0     0    68 36002 110641 12  6 82  0  0 2026-10-03 19:39:01
 7  0 2397888 4479892 621696 25013068    0    0     0  5312 39523 119294 15  7 78  0  0 2026-10-03 19:39:02
 7  0 2397888 4477860 621696 25041248    0    0     0    16 42198 122803 12  8 79  0  0 2026-10-03 19:39:03
 7  0 2397888 4429412 621696 25055580    4    0     4    96 37524 109582 18 11 71  0  0 2026-10-03 19:39:04
14  0 2397888 4517980 621896 25066040    0    0     0 139588 54346 154245 27 10 63  0  0 2026-10-03 19:39:05
11  0 2397888 4526080 622068 25084912    0    0     0 18240 55510 159905 24 11 65  0  0 2026-10-03 19:39:06
 9  0 2397888 4510452 622152 25100660    0    0     4  8340 53281 146635 28 14 58  0  0 2026-10-03 19:39:07
 8  0 2397888 4620336 622208 25128164    0    0     4 33160 46175 130722 16  9 74  0  0 2026-10-03 19:39:08
 4  0 2397888 4920140 622228 25151612    0    0   456   588 48715 135903 18 11 71  0  0 2026-10-03 19:39:09
 4  0 2397888 4904440 622228 25184976    0    0     0   276 47618 134909 10  7 82  0  0 2026-10-03 19:39:10
 4  0 2397888 4869984 622236 25219956    0    0     0   516 49973 139899 11  6 82  0  0 2026-10-03 19:39:11
 3  0 2397888 4880268 622236 25248436    0    0     0   168 40533 118698  9  6 85  0  0 2026-10-03 19:39:12
 3  0 2397888 4868876 622236 25269436   20    0    20   356 40637 114362 13  9 78  0  0 2026-10-03 19:39:13
 9  0 2397888 4889020 622240 25220016    0    0     0   520 44825 127368 10  7 84  0  0 2026-10-03 19:39:14
procs -----------memory---------- ---swap-- -----io---- -system-- ------cpu----- -----timestamp-----
 r  b   swpd   free   buff  cache   si   so    bi    bo   in   cs us sy id wa st                CEST
12  0 2397888 4827820 622276 25250724    0    0     0 205952 45792 129512 12  8 80  0  0 2026-10-03 19:39:18
18  0 2397888 4737524 622432 25263452    0    0     0 10656 55627 149553 33 14 52  0  0 2026-10-03 19:39:19
12  0 2397888 4719072 622476 25285704    0    0   184  1860 44416 123153 24 11 64  1  0 2026-10-03 19:39:20
 8  0 2397888 4685292 622484 25301128    0    0   100   992 30289 89033 25  9 65  0  0 2026-10-03 19:39:21
17  0 2397888 4635812 622516 25318056    0    0     0  1308 38493 107598 29 10 60  1  0 2026-10-03 19:39:22
11  0 2397888 4579336 622516 25329456    0    0     8    20 31536 94589 36 14 50  0  0 2026-10-03 19:39:23
11  0 2397888 4532208 622544 25352420    0    0     0  2680 38347 108286 25  6 68  0  0 2026-10-03 19:39:24
 9  0 2397888 4424272 622572 25407676    0    0     0 42812 37796 109356 20  8 73  0  0 2026-10-03 19:39:25
 8  0 2397376 4359288 622596 25427496  344    0   344 31476 36078 103252 24 12 64  0  0 2026-10-03 19:39:26
11  0 2397376 4803996 622596 24990664    0    0     0    56 34649 99372 17  8 75  0  0 2026-10-03 19:39:27
 8  0 2397376 4826684 622604 25004384    0    0     0   328 30322 89221 16  9 75  0  0 2026-10-03 19:39:28
 6  0 2397376 4790336 622604 25019864    0    0     0   100 30285 90556 16  8 77  0  0 2026-10-03 19:39:29
 5  0 2397376 4755064 622604 25037424    0    0     0    24 28085 83197 12  5 82  0  0 2026-10-03 19:39:30
 5  0 2397376 4695840 622628 25073248    0    0     0 193244 28263 85228 21  9 70  0  0 2026-10-03 19:39:31
 9  0 2397376 4619356 622628 25143580    0    0     0    20 27416 82374 16  9 75  0  0 2026-10-03 19:39:32
 6  0 2397376 4495460 622628 25237772    0    0   272    16 26754 82382 22 11 66  0  0 2026-10-03 19:39:33
 5  0 2397376 4363484 622636 25353048    0    0   164   212 32390 95124 19  6 75  0  0 2026-10-03 19:39:34
10  0 2397376 4221436 622636 25454276    0    0    20    20 31712 93380 17  7 76  0  0 2026-10-03 19:39:35
 7  0 2397376 4125880 622644 25543860   12    0    16   160 33326 102460 15  8 77  0  0 2026-10-03 19:39:36
 4  0 2397376 4044796 622644 25636808    0    0     0    16 32597 99917 18  9 74  0  0 2026-10-03 19:39:37
10  0 2397376 3808988 622644 25794176    0    0     0    20 44438 130409 21 12 67  0  0 2026-10-03 19:39:38
procs -----------memory---------- ---swap-- -----io---- -system-- ------cpu----- -----timestamp-----
 r  b   swpd   free   buff  cache   si   so    bi    bo   in   cs us sy id wa st                CEST
 7  0 2397376 3712116 622644 25924248    0    0     0   148 35976 102360 16 10 74  0  0 2026-10-03 19:39:39
 3  0 2397376 3570596 622652 26083968    0    0     0    60 38705 108583 12  8 80  0  0 2026-10-03 19:39:40
 5  0 2397376 3400256 622656 26235020    0    0   400   132 41234 113196 13  9 78  0  0 2026-10-03 19:39:41
 5  0 2397376 3275112 622668 26357080    0    0    12    92 35175 98600 13 12 75  0  0 2026-10-03 19:39:42
11  0 2397376 3118020 622680 26485976    0    0     0   180 35209 102959 13  9 78  0  0 2026-10-03 19:39:43
 5  0 2397376 3008100 622680 26609744    0    0     0   188 35431 102214 14  7 79  0  0 2026-10-03 19:39:44
 4  0 2397376 2815312 622680 26791460    0    0     0    40 44514 117799 10  8 82  0  0 2026-10-03 19:39:45
 5  0 2397376 2643700 622680 26962860   16    0    16    16 44491 120739 11  8 81  0  0 2026-10-03 19:39:46
10  0 2397376 2448108 622680 27127112    0    0     0    20 46516 129080 14  8 78  0  0 2026-10-03 19:39:47
 8  0 2397376 2286004 622804 27261216    0    0     4   804 40026 112322 14  7 79  0  0 2026-10-03 19:39:51
 6  0 2397376 2159752 623104 27396376   16    0    16  2468 39408 104074 12  6 82  0  0 2026-10-03 19:39:52
 8  0 2397376 2049440 623112 27535164    0    0   140   256 37946 107862 14  7 79  0  0 2026-10-03 19:39:53
 8  0 2397376 1959532 623112 27651920    0    0     0   112 36948 104209 16 11 73  0  0 2026-10-03 19:39:54
 6  0 2397376 1843536 623120 27769564    0    0     0  1940 33928 94846 17 11 73  0  0 2026-10-03 19:39:55
 9  0 2397376 1687204 623120 27889304    0    0     0 118692 36171 101586 15  9 76  0  0 2026-10-03 19:39:56
11  0 2397376 1564968 623120 28017968    0    0     0 42036 39817 107281 20 12 67  0  0 2026-10-03 19:39:57
 8  0 2397376 1459348 623132 28130868    0    0     4 92984 34085 92953 17  9 74  0  0 2026-10-03 19:39:58
19  0 2397376 1373696 623132 28227364    0    0     0 90220 34696 95484 18 10 71  0  0 2026-10-03 19:39:59
 3  0 2397376 1247588 623172 28338608    0    0    52 248964 35029 97917 17 11 72  0  0 2026-10-03 19:40:00
13  0 2397376 1136352 623172 28448868    0    0     0    16 31731 94196 14  8 79  0  0 2026-10-03 19:40:01
 6  0 2397376 1002364 623180 28583432    0    0     4 163320 41411 116627 17  9 74  0  0 2026-10-03 19:40:02
procs -----------memory---------- ---swap-- -----io---- -system-- ------cpu----- -----timestamp-----
 r  b   swpd   free   buff  cache   si   so    bi    bo   in   cs us sy id wa st                CEST
 7  0 2397376 914600 623188 28662140    0    0     0 219404 28470 84164 14  6 79  0  0 2026-10-03 19:40:03
 8  0 2397120 797740 623188 28753008   24    0    24    16 32161 94682 13  9 79  0  0 2026-10-03 19:40:04
12  0 2397120 636136 623204 28884744    4    0     4 269500 37455 103918 16  8 77  0  0 2026-10-03 19:40:05
 6  0 2396864 560516 623212 29018968    8    0     8   208 39139 109561 15  9 76  0  0 2026-10-03 19:40:06
 8  0 2396864 431980 623212 29136744    0    0     0   184 37554 105123 16 13 71  0  0 2026-10-03 19:40:07
 5  0 2396864 325504 623232 29247164    4    0    12 2605164 32132 87561 13  9 77  0  0 2026-10-03 19:40:08
10  0 2408900 358216 551656 29291584    0 12204   184 12220 29383 80881 12  9 79  0  0 2026-10-03 19:40:09
14  0 2410180 357140 508960 29317140    0 1336   388  2132 37395 99519 16  9 75  0  0 2026-10-03 19:40:10
 1  0 2410436 401228 508904 29309848    0  328    48   396 30397 97795 21  9 70  0  0 2026-10-03 19:40:11
 6  0 2410436 410608 508900 29308664    0   40   372   208 19183 62461 14  7 79  0  0 2026-10-03 19:40:12
 2  0 2410436 398208 508900 29310716    0    0     0   116 13340 47696  8  2 89  0  0 2026-10-03 19:40:13
 1  0 2410436 394724 508900 29312552    0    0     0   124 10411 38560  6  2 92  0  0 2026-10-03 19:40:14
 6  0 2410436 406032 508920 29314364    0    0     0  1032 12846 45219  8  4 88  0  0 2026-10-03 19:40:15
12  0 2410436 372712 508928 29315992    0    0     0   188 13550 47545  9  4 87  0  0 2026-10-03 19:40:16
 7  0 2410436 397836 508928 29318460    0    0     0   400 16899 55025 14  5 81  0  0 2026-10-03 19:40:17
 3  0 2410436 401528 508928 29320200    0    0     0    16 11982 44467 10  3 87  0  0 2026-10-03 19:40:18
 1  0 2410436 395744 508928 29321700   20    0    20   124 12412 44199  8  3 90  0  0 2026-10-03 19:40:19
 4  0 2410436 391580 508928 29323588    0    0     0    52 13654 48099  8  4 88  0  0 2026-10-03 19:40:20
 5  0 2410436 432084 508948 29327888    4    0    32   372 13549 47091  9  4 87  0  0 2026-10-03 19:40:23
 9  0 2410436 402284 508948 29329332    0    0     0   204 22340 71053 14  6 80  0  0 2026-10-03 19:40:24
11  0 2410436 394672 509096 29330836    0    0     0 477144 28930 91193 16  9 74  1  0 2026-10-03 19:40:25
procs -----------memory---------- ---swap-- -----io---- -system-- ------cpu----- -----timestamp-----
 r  b   swpd   free   buff  cache   si   so    bi    bo   in   cs us sy id wa st                CEST
 5  0 2410436 400364 509124 29333056    0    0   360  1140 15673 53444 10  3 87  0  0 2026-10-03 19:40:26
 4  0 2410436 371744 509144 29336900    0    0  1332    20 11492 41625 10  2 88  0  0 2026-10-03 19:40:27
 2  0 2410436 367196 509160 29339168    0    0   416   188 13559 49124 10  3 87  0  0 2026-10-03 19:40:28
 7  0 2410436 329180 509160 29340724    0    0   124    52 14656 50063 11  5 84  0  0 2026-10-03 19:40:29
 4  0 2412228 398072 497188 29307300    0 1804   868  1908 13273 45708 14  5 81  0  0 2026-10-03 19:40:30
 2  0 2412228 382856 497220 29310328    0    0  1348   764 11635 41826 11  3 86  0  0 2026-10-03 19:40:31
 5  0 2412228 372144 497220 29312296    0    0    88    20 12353 43328 10  3 88  0  0 2026-10-03 19:40:32
 4  0 2412228 367160 497228 29314496    0    0    48   128 13346 47323 12  3 85  0  0 2026-10-03 19:40:33
 5  0 2412228 347208 497236 29316200    0    0   280    80 11930 42486 11  3 86  0  0 2026-10-03 19:40:34
46  0 2412228 336344 497240 29318288    0    0   372    20 15169 52014 16  5 79  0  0 2026-10-03 19:40:35
 3  0 2412228 327764 497240 29320052    0    0   132    16 11002 39897 12  3 85  0  0 2026-10-03 19:40:36
 3  0 2413764 382208 462848 29307744    0 1356   272  1380 11201 40038  8  3 89  0  0 2026-10-03 19:40:37
 3  0 2413764 374240 462860 29309544    0    0   408   172 12869 45084 10  4 86  0  0 2026-10-03 19:40:38
 3  0 2413764 356848 462860 29311976    0    0   204    16 12784 45777 10  4 86  0  0 2026-10-03 19:40:39
 4  0 2415300 378504 433968 29284324    0 1376     4  1468 16444 58710  9  5 86  0  0 2026-10-03 19:40:40
 3  0 2416580 376692 418928 29253480    0 1428    40  1444 11400 41299  8  4 87  0  0 2026-10-03 19:40:41
 4  0 2416580 337060 418928 29254904    0    0    44    56 11183 40382  9  2 89  0  0 2026-10-03 19:40:42
 5  0 2418372 334880 409984 29189544    0 1636   128  1812 15470 51873 12  6 82  0  0 2026-10-03 19:40:43
 3  0 2418372 387724 407648 29184364    0   12    16    76 13750 47294 11  3 85  0  0 2026-10-03 19:40:44
 7  0 2418372 352192 407648 29185872    0    0   144   100 16325 57159 13  4 83  0  0 2026-10-03 19:40:45
 2  0 2418372 354640 407648 29187952    0    0     0    36 12475 45006 12  2 86  0  0 2026-10-03 19:40:46
procs -----------memory---------- ---swap-- -----io---- -system-- ------cpu----- -----timestamp-----
 r  b   swpd   free   buff  cache   si   so    bi    bo   in   cs us sy id wa st                CEST
 3  0 2418372 335044 407648 29189744    0    0     0    40 13431 47451 10  4 86  0  0 2026-10-03 19:40:47
 3  0 2418372 324548 407656 29191348    0    0     0   188 12481 44562 11  3 86  0  0 2026-10-03 19:40:48
 2  0 2422232 380944 404056 29148336    0 3900     0  4112 12555 45677 12  3 85  0  0 2026-10-03 19:40:49
 6  0 2422232 353988 404056 29149872    0    0     0    48 15860 54393 13  6 81  0  0 2026-10-03 19:40:50
 4  0 2422232 366404 404056 29151920   16    0    16    52 13212 46842 12  3 86  0  0 2026-10-03 19:40:51
 6  0 2422232 357600 404056 29153704   12    0    12    16 12571 45851 11  3 86  0  0 2026-10-03 19:40:52
 9  0 2422232 355880 404056 29158384    0    0     0    56 13998 49209 12  3 85  0  0 2026-10-03 19:40:56
 8  0 2422232 356260 404072 29160300    0    0     0   276 14615 49045 14  4 82  0  0 2026-10-03 19:40:57
 8  0 2422232 346624 404096 29161936    0    0     4   364 14651 51395 13  4 83  0  0 2026-10-03 19:40:58
 3  0 2422232 338868 404104 29163712    0    0     0 56728 13552 46983 12  3 85  0  0 2026-10-03 19:40:59
11  0 2422232 342404 404212 29165192    0    0     0  5220 19688 65164 12  4 84  0  0 2026-10-03 19:41:00
 4  0 2423000 363084 404288 29115784    0  740   944  1172 23596 78167 17  4 79  0  0 2026-10-03 19:41:01
 5  0 2422744 356436 404308 29118408   56    0   348   208 15782 54366 15  4 81  0  0 2026-10-03 19:41:02
 4  1 2447812 377864 404304 29072168    0 25108    88 25196 18754 64713 15  4 81  0  0 2026-10-03 19:41:03
 6  0 2447812 390948 404376 29074112    8    0   204    36 13671 49573 13  3 84  0  0 2026-10-03 19:41:04
 4  0 2447812 370772 404376 29076264    4    0    36    56 12581 45133 13  3 85  0  0 2026-10-03 19:41:05
 4  0 2447812 426780 404440 29076872    0    0     8 11764 30695 99982 16  5 78  0  0 2026-10-03 19:41:06
 3  0 2447812 432796 404476 29078728    0    0     0   628 13920 49633 10  3 87  0  0 2026-10-03 19:41:07
 2  0 2447812 419488 404496 29080624    0    0    12   364 14741 51920 11  3 85  0  0 2026-10-03 19:41:08
 4  0 2447812 414824 404496 29082584   16    0    16    56 14500 50219 10  5 85  0  0 2026-10-03 19:41:09
 9  0 2447812 413584 404496 29084152    0    0     0   324 12180 44966 11  3 86  0  0 2026-10-03 19:41:10
procs -----------memory---------- ---swap-- -----io---- -system-- ------cpu----- -----timestamp-----
 r  b   swpd   free   buff  cache   si   so    bi    bo   in   cs us sy id wa st                CEST
 3  0 2447812 434348 404496 29085992    0    0     0    64 11364 41979  9  2 89  0  0 2026-10-03 19:41:11
 6  0 2447812 411588 404512 29087472    0    0     0   284 14778 51141 11  3 86  0  0 2026-10-03 19:41:12
 4  0 2447812 403876 404512 29089544    0    0     0   312 14590 50639 10  3 87  0  0 2026-10-03 19:41:13
 3  0 2447812 398600 404520 29091912    0    0   480   108 12944 46378 10  2 87  0  0 2026-10-03 19:41:14
 3  0 2447812 392684 404580 29093572    0    0     0   592 13804 48381 10  3 87  0  0 2026-10-03 19:41:15
 5  0 2447812 380204 404580 29095276    0    0     0    48 11860 43583 10  3 87  0  0 2026-10-03 19:41:16
 7  0 2447812 373424 404580 29097152    0    0     0    60 16802 57370 12  4 84  0  0 2026-10-03 19:41:17
10  0 2447812 370320 404580 29098736   24    0    24    64 13973 50940 11  3 86  0  0 2026-10-03 19:41:18
 2  0 2447812 378600 404580 29100608    0    0     0    56 14494 51266 12  3 85  0  0 2026-10-03 19:41:19
 9  0 2447812 372288 404588 29102360    0    0     0   148 12684 45981 10  2 87  0  0 2026-10-03 19:41:20
10  0 2447812 384588 404596 29104148    0    0     0 28284 12217 44181 10  3 88  0  0 2026-10-03 19:41:21
 5  0 2447812 383536 404608 29105912    0    0     0   328 13161 48957 10  3 87  0  0 2026-10-03 19:41:22
 3  0 2447812 381848 404608 29107800    0    0     0   136 15483 53447 11  3 85  0  0 2026-10-03 19:41:23
 4  0 2447812 364968 404608 29109872   16    0    16    56 14642 53212 12  4 84  0  0 2026-10-03 19:41:24
 4  0 2447812 356344 404608 29111824    0    0     0    20 12500 45094 10  2 87  0  0 2026-10-03 19:41:25
 2  0 2447812 365124 404608 29115096    0    0     0    56 11927 42399  8  3 89  0  0 2026-10-03 19:41:29
 5  0 2447812 367024 404616 29116780    0    0     0   196 14741 51008 11  3 86  0  0 2026-10-03 19:41:30
11  0 2447812 353384 405132 29120708    0    0  5412 16280 32469 99188 17  6 76  0  0 2026-10-03 19:41:31
 3  0 2447812 348352 405140 29123568    0    0     0   328 31146 97124 17  5 78  0  0 2026-10-03 19:41:32
 3  0 2447812 348332 405140 29125804    0    0     0    16 10973 41435  8  3 89  0  0 2026-10-03 19:41:33
 3  0 2447812 344064 405140 29127992    0    0     0   268 13781 47801 11  4 85  0  0 2026-10-03 19:41:34
procs -----------memory---------- ---swap-- -----io---- -system-- ------cpu----- -----timestamp-----
 r  b   swpd   free   buff  cache   si   so    bi    bo   in   cs us sy id wa st                CEST
 3  0 2447812 344616 405140 29129704    0    0     0   124 12669 45564  9  3 87  0  0 2026-10-03 19:41:35
 4  0 2447812 334856 405152 29131696    0    0     0   328 15534 53384 13  6 81  0  0 2026-10-03 19:41:36
 4  0 2447812 345008 405152 29133264    0    0     0    40 15032 52231 12  6 82  0  0 2026-10-03 19:41:37
 3  0 2447812 359608 405152 29134816    0    0     0    56 12406 44808 11  2 87  0  0 2026-10-03 19:41:38
 4  0 2447812 351292 405152 29136344    0    0     0    60 11755 43039  9  3 88  0  0 2026-10-03 19:41:39
 3  0 2447812 339220 405152 29137872    0    0     0    16 14668 51135 11  4 85  0  0 2026-10-03 19:41:40
11  0 2447812 336152 405160 29140384    0    0     0   188 12858 44806 11  3 87  0  0 2026-10-03 19:41:41
 6  0 2447812 342140 405172 29141860    4    0     4   404 14677 49857 10  4 86  0  0 2026-10-03 19:41:42
 2  0 2447812 334312 405172 29143388    0    0     0    16 12639 45074 11  3 86  0  0 2026-10-03 19:41:43
 9  0 2447812 343176 405172 29145216    0    0     0   240 12867 45784 10  3 87  0  0 2026-10-03 19:41:44
 2  0 2447812 337416 405172 29147580    0    0     0    80 11723 42731 10  2 87  0  0 2026-10-03 19:41:45
 4  0 2447812 322904 405188 29149320    0    0     0   440 15086 52749 11  4 85  0  0 2026-10-03 19:41:46
 3  0 2448068 385684 405180 29101244    0  424     0 14988 13835 49410 11  4 86  0  0 2026-10-03 19:41:47
 2  0 2448068 382280 405180 29102960    0    0     0    56 13460 47100 10  5 85  0  0 2026-10-03 19:41:48
 9  0 2448068 382764 405180 29104528    0    0     0    56 12670 46329  9  3 88  0  0 2026-10-03 19:41:49
 2  0 2448068 376720 405180 29106196    0    0     8    44 15794 55007 11  4 85  0  0 2026-10-03 19:41:50
 4  0 2448068 373744 405192 29108240    0    0     0   344 12185 44453 10  2 88  0  0 2026-10-03 19:41:51
 6  0 2448068 346936 405200 29110696    4    0     4    64 15143 52648 14  6 80  0  0 2026-10-03 19:41:52
 4  0 2448068 368432 405200 29112484    0    0     0    20 14683 52839 12  6 82  0  0 2026-10-03 19:41:53
 2  0 2448068 439184 405184 29110296    0    0     0    56 11624 42249 10  4 86  0  0 2026-10-03 19:41:54
 3  0 2448068 406720 405184 29112228    0    0     0   724 13835 50131 12  5 84  0  0 2026-10-03 19:41:55
procs -----------memory---------- ---swap-- -----io---- -system-- ------cpu----- -----timestamp-----
 r  b   swpd   free   buff  cache   si   so    bi    bo   in   cs us sy id wa st                CEST
 4  0 2448068 388020 405196 29113592    0    0     0   264 15261 51792 12  6 82  0  0 2026-10-03 19:41:56
 6  0 2448068 406848 405196 29115624    0    0     0    64 15231 54531 10  4 86  0  0 2026-10-03 19:41:57
 6  0 2448068 401180 405196 29117804    0    0     0    16 13796 49284 11  5 84  0  0 2026-10-03 19:41:58
 3  0 2448068 391884 405196 29121976   16    0    16    68 13380 46040 10  5 85  0  0 2026-10-03 19:42:01
11  0 2448068 376448 405196 29123836    0    0     0   220 12807 47018 10  4 86  0  0 2026-10-03 19:42:02
 3  0 2448068 383796 405204 29125468    0    0     0   156 11702 42650 10  4 86  0  0 2026-10-03 19:42:03
 3  0 2448068 373416 405216 29126972    0    0     0 41700 13947 50561 10  5 84  0  0 2026-10-03 19:42:04
 3  0 2448068 377744 405216 29128732    0    0     0    24 12355 44945 11  4 85  0  0 2026-10-03 19:42:05
 2  0 2448068 370196 405216 29130212    0    0     0    60 12223 45207  9  2 88  0  0 2026-10-03 19:42:06
 5  0 2448068 361704 405216 29131884    0    0     0    16 12328 45763  9  3 88  0  0 2026-10-03 19:42:07
 7  0 2448068 348468 405236 29133408    0    0     0   396 13877 51233 12  5 83  0  0 2026-10-03 19:42:08
 5  0 2448324 363612 405172 29086696    0  364   376   384 15089 51686 12  5 83  0  0 2026-10-03 19:42:09
19  0 2448324 356264 405172 29088432   16    0   148    16 17287 58261 17  7 76  0  0 2026-10-03 19:42:10
 7  0 2448324 350604 405172 29090216    0    0    12    16 16440 49142 20  4 76  0  0 2026-10-03 19:42:11
 7  0 2448324 361080 405172 29092304    0    0     0    20 15931 47939 19  4 77  0  0 2026-10-03 19:42:12
 5  0 2448324 603736 405176 29095072    0    0   944   184 17704 54839 22  4 74  0  0 2026-10-03 19:42:13
 3  0 2448324 611464 405184 29096704   20    0    20   428 15782 53599 14  4 82  0  0 2026-10-03 19:42:14
 3  0 2448324 600976 405184 29099276    0    0     0   412 13880 49071  9  2 89  0  0 2026-10-03 19:42:15
 2  0 2448324 598060 405232 29099200    0    0     0 24308 12550 44146  7  3 89  0  0 2026-10-03 19:42:16
 3  0 2448324 672568 405236 29097452   16    0    16   740 27770 82936 15  5 80  0  0 2026-10-03 19:42:17
 3  0 2448324 666188 405236 29099320    0    0     0    88 12007 42418  6  2 91  0  0 2026-10-03 19:42:18
procs -----------memory---------- ---swap-- -----io---- -system-- ------cpu----- -----timestamp-----
 r  b   swpd   free   buff  cache   si   so    bi    bo   in   cs us sy id wa st                CEST
 2  0 2448324 665376 405248 29101020    0    0     0   348 15258 51521 11  6 83  0  0 2026-10-03 19:42:19
 7  0 2448324 643948 405248 29102740    0    0     0    20 12905 46175  8  5 88  0  0 2026-10-03 19:42:20
 2  0 2448324 618252 405248 29104444    0    0     0    16 12171 42916  8  4 89  0  0 2026-10-03 19:42:21
12  0 2448324 607164 405256 29106356    0    0     0   128 12759 46081  9  3 88  0  0 2026-10-03 19:42:22
 3  0 2448324 589356 405256 29108224    0    0     0   136 19218 58201 18  6 76  0  0 2026-10-03 19:42:23
 6  0 2448324 596712 405264 29109976    0    0     0   136 17331 52831 17  4 79  0  0 2026-10-03 19:42:24
 7  0 2448324 611460 405264 29111108    0    0     0    20 17481 54752 18  4 78  0  0 2026-10-03 19:42:25
 4  0 2448324 594316 405264 29113480    8    0     8    16 14168 50466 10  3 87  0  0 2026-10-03 19:42:26
 5  0 2448324 658516 405280 29110492    0    0     0   440 11767 41341  8  3 89  0  0 2026-10-03 19:42:27
 2  0 2448324 642520 405288 29112456    0    0     0   220 11982 42896  7  3 90  0  0 2026-10-03 19:42:28
 9  0 2448324 640752 405308 29114332   16    0    16   568 16724 56303 10  7 82  0  0 2026-10-03 19:42:29
 7  0 2448324 645108 405308 29116068    0    0     0    92 12865 44700  9  4 86  0  0 2026-10-03 19:42:30
 2  0 2448324 647840 405308 29118988    0    0     0    20 11478 40613  7  2 91  0  0 2026-10-03 19:42:34
 3  0 2448324 647964 405308 29120744   92    0    92 26748 10691 39600  6  2 92  0  0 2026-10-03 19:42:35
 2  0 2448324 635372 405308 29122324    0    0     0   120 12718 46105  7  5 88  0  0 2026-10-03 19:42:36
 3  0 2448324 631324 405324 29124008    0    0     0   624 12773 45212  7  3 90  0  0 2026-10-03 19:42:37
 2  0 2448324 636292 405324 29125684    0    0     0    36 11876 41830  7  3 90  0  0 2026-10-03 19:42:38
 2  0 2448324 633812 405324 29127268    0    0     0    16 12360 43273  7  4 90  0  0 2026-10-03 19:42:39
 3  0 2448324 627444 405324 29129172    0    0     0    20 11702 41039  6  2 93  0  0 2026-10-03 19:42:40
 1  0 2448324 624896 405324 29130776    0    0     0    16 11036 39689  5  3 92  0  0 2026-10-03 19:42:41
 5  0 2448324 609292 405332 29132396    0    0     0   132 13241 45850  8  3 89  0  0 2026-10-03 19:42:42
procs -----------memory---------- ---swap-- -----io---- -system-- ------cpu----- -----timestamp-----
 r  b   swpd   free   buff  cache   si   so    bi    bo   in   cs us sy id wa st                CEST
 5  0 2448324 600628 405340 29134364    0    0     0   104 15324 52333  8  6 86  0  0 2026-10-03 19:42:43
 2  0 2448324 615512 405348 29136004    0    0     0    32 14376 48337 11  4 85  0  0 2026-10-03 19:42:44
 3  0 2448324 626780 405348 29137732    0    0     0    44 12358 43258  7  2 91  0  0 2026-10-03 19:42:45
 4  0 2448324 626960 405348 29139144    0    0     0    20 11821 42162  7  3 90  0  0 2026-10-03 19:42:46
 5  0 2448324 641852 405348 29141024    0    0     0    48 12673 44437  8  4 88  0  0 2026-10-03 19:42:47
 2  0 2448324 626656 405356 29142504   20    0    20   128 13027 45849  7  3 90  0  0 2026-10-03 19:42:48
 1  0 2448324 632336 405356 29144624    0    0     0   120 12456 43441  8  3 89  0  0 2026-10-03 19:42:49
 1  0 2448324 629180 405356 29146384    0    0     0 30024 11012 40157  5  2 93  0  0 2026-10-03 19:42:50
 4  0 2448324 623020 405364 29147940    0    0     0   140 11501 41489  6  3 91  0  0 2026-10-03 19:42:51
 1  0 2448324 616196 405364 29149940    0    0     0    76 11190 40159  6  2 91  0  0 2026-10-03 19:42:52
 1  0 2448324 614128 405376 29151848    0    0     0   320 15833 53326  8  4 88  0  0 2026-10-03 19:42:53
 3  0 2448324 572208 405376 29153664    0    0     0    48 14324 49936 10  3 87  0  0 2026-10-03 19:42:54
 5  0 2448324 550908 405376 29155568    0    0     0    48 17102 54951 11  3 85  0  0 2026-10-03 19:42:55
10  0 2448324 552416 405384 29157268    0    0     0    60 17421 51940 16  3 81  0  0 2026-10-03 19:42:56
12  0 2448324 589752 405384 29158988    0    0     0    32 19337 57839 16  4 80  0  0 2026-10-03 19:42:57
 1  0 2448580 610104 405380 29157700    0   32     0   308 15125 53362  9  3 88  0  0 2026-10-03 19:42:58
 6  0 2448580 581640 405380 29159508    0    0     0    20 13947 48300  9  4 86  0  0 2026-10-03 19:42:59
 3  0 2448580 580420 405380 29161004    8    0     8   112 13515 45828 11  3 86  0  0 2026-10-03 19:43:00
 3  0 2448580 614212 405388 29163136    0    0     0   440 12103 42816 11  2 87  0  0 2026-10-03 19:43:01
 2  0 2448580 607192 405388 29165312    0    0     0   100 11693 41194  7  2 91  0  0 2026-10-03 19:43:02
 8  0 2447300 600312 405404 29166876 1344    0  1344   204 15517 52470  9  4 87  0  0 2026-10-03 19:43:03
procs -----------memory---------- ---swap-- -----io---- -system-- ------cpu----- -----timestamp-----
 r  b   swpd   free   buff  cache   si   so    bi    bo   in   cs us sy id wa st                CEST
 8  0 2447300 576576 405404 29168444    8    0     8    20 15133 49879  9  5 87  0  0 2026-10-03 19:43:07
 4  0 2447300 525240 405448 29171740    0    0  1540   852 14333 49921  9  4 87  0  0 2026-10-03 19:43:08
 4  0 2447300 381172 405448 29175984    0    0     0  5568 12072 41319 11  3 87  0  0 2026-10-03 19:43:09
 9  0 2447556 336188 405376 29118076    0  312   156   432 19481 59923 14  5 81  0  0 2026-10-03 19:43:10
10  0 2449868 352164 401912 29084788    0 2308    16  2424 15953 51353 13  4 83  0  0 2026-10-03 19:43:11
 3  0 2449868 335220 401912 29086568    0    0     0   348 12204 42206 13  3 84  0  0 2026-10-03 19:43:12
 3  0 2449868 690664 401908 29084604    0   12    20   240 13977 46980 12  3 85  0  0 2026-10-03 19:43:13
 3  0 2449868 600060 401900 29061628    0   32     4    48 13876 46109 10  3 87  0  0 2026-10-03 19:43:14
 2  0 2449868 495972 401916 29062700    0    0  1012   356 15016 48276 11  4 84  0  0 2026-10-03 19:43:15
 3  0 2449868 354016 401936 29064308    0    0    48   444 22353 65617 12  3 85  0  0 2026-10-03 19:43:16
 3  0 2450644 368160 401932 29013632    0  500    12   548 18278 57336 13  5 82  0  0 2026-10-03 19:43:17
 7  0 2450644 348968 400232 28949100    0    4     0    24 16117 52454 13  5 83  0  0 2026-10-03 19:43:18
 3  0 2450644 384852 399768 28888488    0    0     0    16 13927 45408 14  4 82  0  0 2026-10-03 19:43:19
 2  1 2450644 354452 399768 28890356    0    0     4    20 16147 51816 12  4 84  0  0 2026-10-03 19:43:20
 3  0 2450644 336616 399776 28892152   16    0    16   128 14960 49756 12  4 84  0  0 2026-10-03 19:43:21
 4  0 2450644 329784 399784 28893904    0    0     0    32 10913 38519 11  2 87  0  0 2026-10-03 19:43:22
 8  0 2451412 361764 399688 28835336    0  820     0 48616 15759 52561 12  9 79  0  0 2026-10-03 19:43:23
 3  0 2451412 981856 399712 28820744    0    0     0 189320 13018 44674  7  7 85  0  0 2026-10-03 19:43:24
 6  0 2451412 967572 399740 28821128    0    0    12  8632 13762 46651 13  3 84  0  0 2026-10-03 19:43:25
 2  0 2451412 944760 399748 28822256    0    0    52   148 16609 53986 12  4 84  0  0 2026-10-03 19:43:26
 3  0 2451412 964600 399756 28792692    0    0     0    48 12171 42778 11  3 86  0  0 2026-10-03 19:43:27
procs -----------memory---------- ---swap-- -----io---- -system-- ------cpu----- -----timestamp-----
 r  b   swpd   free   buff  cache   si   so    bi    bo   in   cs us sy id wa st                CEST
 4  0 2451412 969072 399756 28794872    0    0   420    20 12898 44323 13  3 84  0  0 2026-10-03 19:43:28
 3  0 2451412 956604 399756 28796672    0    0     4    16 14785 48633 11  3 86  0  0 2026-10-03 19:43:29
 6  0 2451412 952920 399764 28798264    0    0     0    68 13528 46754 11  3 86  0  0 2026-10-03 19:43:30
 3  0 2451412 947788 399764 28800372    0    0     0   184 13699 45965 15  2 83  0  0 2026-10-03 19:43:31
 5  0 2451412 939792 399772 28801772    0    0     0   156 13092 45130 15  2 83  0  0 2026-10-03 19:43:32
 6  0 2451412 950012 399772 28803952    0    0     0    52 13032 44739 15  3 82  0  0 2026-10-03 19:43:33
 4  0 2451412 940792 399772 28805596    0    0     0    24 11774 41807 14  2 84  0  0 2026-10-03 19:43:34
 1  0 2451412 940844 399772 28807592    0    0     0    24 12767 43774 15  2 83  0  0 2026-10-03 19:43:35
 2  0 2451412 949668 399780 28808864   16    0    16    68 15919 53038  9  3 89  0  0 2026-10-03 19:43:36
 4  0 2451412 913440 399792 28810988    0    0     0   172 11965 42441  6  2 92  0  0 2026-10-03 19:43:39
 3  0 2451412 893564 399792 28812724    0    0     0   120 14815 51794  8  2 89  0  0 2026-10-03 19:43:40
 2  0 2451412 881176 399792 28814684    0    0     0    52 12688 44100  7  3 90  0  0 2026-10-03 19:43:41
 4  0 2451412 933276 399800 28816200    0    0     0   260 14444 50541  8  2 90  0  0 2026-10-03 19:43:42
 8  1 2451412 928944 399800 28818044    0    0     0   176 17392 57977 10  4 86  0  0 2026-10-03 19:43:43
