procs -----------memory---------- ---swap-- -----io---- -system-- ------cpu----- -----timestamp-----
 r  b   swpd   free   buff  cache   si   so    bi    bo   in   cs us sy id wa st                CEST
 8  0 4255572 3340336 613724 20775868    0    1    12    58    3    4  7  2 91  0  0 2026-10-04 00:34:53
 4  0 4255572 3342032 613764 20777356    0    0     0   352 17291 50902 14  3 83  0  0 2026-10-04 00:34:54
 6  0 4255572 3341920 613764 20779648    0    0     0   236 14993 43158 12  2 86  0  0 2026-10-04 00:34:55
 5  0 4255572 3207120 613788 20781916    0    0     0   684 19771 58979 15  4 81  0  0 2026-10-04 00:34:56
 2  0 4255572 3107312 613788 20784180    0    0     0   192 15819 51876 12  3 85  0  0 2026-10-04 00:34:57
 7  0 4255572 4185168 613796 20785464    0    0    64   212 16710 53351 15  4 81  0  0 2026-10-04 00:34:58
10  0 4249940 4383560 613796 20669720 6828    0  7136   564 20409 65599 20  5 75  1  0 2026-10-04 00:34:59
16  0 4249940 4190956 613796 20746860    0    0    52   116 15094 51444 20  5 76  0  0 2026-10-04 00:35:00
 7  0 4249940 4369924 613796 20673320    0    0     0 63684 14037 46520 24  3 74  0  0 2026-10-04 00:35:01
 6  0 4249940 4247820 613796 20751048    0    0     0   252 18131 62039  9  5 86  0  0 2026-10-04 00:35:02
 4  0 4249940 4131476 613804 20753088    0    0     0   268 13719 46306  8  3 89  0  0 2026-10-04 00:35:03
 3  0 4249940 4068860 613816 20755292    0    0     0   512 15230 50319 10  3 88  0  0 2026-10-04 00:35:04
 2  0 4249940 3835412 613816 20757428    0    0     0   272 12775 43652  8  4 88  0  0 2026-10-04 00:35:05
 6  0 4249940 3515416 613816 20769720    0    0     0   356 17338 55793  9  6 85  0  0 2026-10-04 00:35:06
 4  0 4249940 3331472 613816 20803408    4    0     4   268 14545 48995 10  4 87  0  0 2026-10-04 00:35:07
 3  1 4249940 3470440 613824 20806804    0    0     0   384 16965 54826 11  3 86  0  0 2026-10-04 00:35:08
 1  0 4249940 3467848 613840 20808552    4    0     4   516 18786 60475  8  4 87  0  0 2026-10-04 00:35:09
 2  0 4249940 3438848 613840 20810616    0    0     0   284 15294 50701  9  3 88  0  0 2026-10-04 00:35:10
 9  0 4249684 3411120 613840 20812628    0    0     0   776 14877 48428 10  3 87  0  0 2026-10-04 00:35:11
 4  0 4249684 3398020 613840 20814556    0    0     0   320 14029 47879 10  3 87  0  0 2026-10-04 00:35:12
 5  0 4249684 3379300 613848 20816544    0    0     0   364 12856 44490  9  2 88  0  0 2026-10-04 00:35:13
procs -----------memory---------- ---swap-- -----io---- -system-- ------cpu----- -----timestamp-----
 r  b   swpd   free   buff  cache   si   so    bi    bo   in   cs us sy id wa st                CEST
 8  0 4249684 4356276 613852 20699832   12    0    12   528 17718 60901 13  5 81  0  0 2026-10-04 00:35:14
 3  0 4249684 4277768 613852 20775436    0    0     0   424 16858 58695 11  4 85  0  0 2026-10-04 00:35:15
 3  0 4249684 4463568 613852 20703628    0    0     0   348 14175 48683 10  3 87  0  0 2026-10-04 00:35:16
 3  0 4249684 4453488 613852 20705548    0    0     0   436 14571 50107 10  3 87  0  0 2026-10-04 00:35:17
 3  0 4249684 4540460 613860 20707260    0    0     0   408 16744 55369 11  3 85  0  0 2026-10-04 00:35:18
 3  0 4249684 4566652 613892 20709448    8    0    28   668 18080 60094  8  3 90  0  0 2026-10-04 00:35:19
 4  0 4249684 4534080 613932 20711428    0    0     4 35452 17416 57116  8  3 89  0  0 2026-10-04 00:35:23
 2  0 4249684 4548384 613932 20713332    0    0     0   428 18380 58741 10  3 87  0  0 2026-10-04 00:35:24
 2  0 4249684 4481880 613932 20715192    0    0     0   432 15550 51628 11  3 87  0  0 2026-10-04 00:35:25
 3  0 4249684 4467520 613932 20717372    0    0     0   384 16418 57739  8  4 88  0  0 2026-10-04 00:35:26
 3  0 4249684 4204060 613940 20794852    4    0     4   552 14533 49841  9  4 87  0  0 2026-10-04 00:35:27
 5  0 4249684 4191168 613948 20796896    0    0     0   600 13138 44781  9  2 88  0  0 2026-10-04 00:35:28
 3  0 4249684 3680040 613948 20802736    0    0     0   400 14767 49642  7  5 88  0  0 2026-10-04 00:35:29
 6  0 4249684 3468456 613948 20843644    0    0     0   664 14339 47595  8  4 89  0  0 2026-10-04 00:35:30
